Record Length,2500,Points,-29.99999924E-6,0.0,,Record Length,2500,Points,-29.99999924E-6,-80.000005662E-3,
Sample Interval,200.00000234E-9,s,-29.79999954E-6,-400.00000596E-3,,Sample Interval,200.00000234E-9,s,-29.79999954E-6,-80.000005662E-3,
Trigger Point,149.99999446,Samples,-29.59999983E-6,-400.00000596E-3,,Trigger Point,149.99999446,Samples,-29.59999983E-6,-88.000006974E-3,
,,,-29.40000013E-6,-200.00000298E-3,,,,,-29.40000013E-6,-88.000006974E-3,
,,,-29.19999861E-6,-200.00000298E-3,,,,,-29.19999861E-6,-96.000000834E-3,
,,,-28.99999890E-6,-200.00000298E-3,,,,,-28.99999890E-6,-96.000000834E-3,
Source,CH1,,-28.79999920E-6,0.0,,Source,CH2,,-28.79999920E-6,-80.000005662E-3,
Vertical Units,Volts,,-28.59999950E-6,200.00000298E-3,,Vertical Units,Volts,,-28.59999950E-6,-96.000000834E-3,
Vertical Scale,5.00000007,,-28.39999979E-6,0.0,,Vertical Scale,200.00000950E-3,,-28.39999979E-6,-120.0000048E-3,
Vertical Offset,0,,-28.20000009E-6,0.0,,Vertical Offset,0,,-28.20000009E-6,-88.000006974E-3,
Horizontal Units,s,,-27.99999857E-6,200.00000298E-3,,Horizontal Units,s,,-27.99999857E-6,-96.000000834E-3,
Horizontal Scale,50.00000058E-6,,-27.79999886E-6,0.0,,Horizontal Scale,50.00000058E-6,,-27.79999886E-6,-88.000006974E-3,
Pt Fmt,Y,,-27.59999916E-6,200.00000298E-3,,Pt Fmt,Y,,-27.59999916E-6,-104.0000021E-3,
Yzero,-3.48000000,,-27.39999945E-6,0.0,,Yzero,-2.4400000,,-27.39999945E-6,-96.000000834E-3,
Probe Atten,10.0000000,,-27.19999975E-6,0.0,,Probe Atten,10.0000000,,-27.19999975E-6,-88.000006974E-3,
,,,-27.00000005E-6,200.00000298E-3,,,,,-27.00000005E-6,-96.000000834E-3,
Note,TDS 1001B - 11:28:15   17.04.2023,,-26.79999852E-6,200.00000298E-3,,Note,TDS 1001B - 11:28:15   17.04.2023,,-26.79999852E-6,-80.000005662E-3,
,,,-26.59999882E-6,200.00000298E-3,,,,,-26.59999882E-6,-80.000005662E-3,
,,,-26.39999911E-6,0.0,,,,,-26.39999911E-6,-88.000006974E-3,
,,,-26.19999941E-6,0.0,,,,,-26.19999941E-6,-96.000000834E-3,
,,,-25.99999971E-6,0.0,,,,,-25.99999971E-6,-104.0000021E-3,
,,,-25.80000000E-6,-400.00000596E-3,,,,,-25.80000000E-6,-96.000000834E-3,
,,,-25.59999848E-6,-200.00000298E-3,,,,,-25.59999848E-6,-96.000000834E-3,
,,,-25.39999878E-6,-200.00000298E-3,,,,,-25.39999878E-6,-88.000006974E-3,
,,,-25.19999907E-6,200.00000298E-3,,,,,-25.19999907E-6,-96.000000834E-3,
,,,-24.99999937E-6,0.0,,,,,-24.99999937E-6,-88.000006974E-3,
,,,-24.79999966E-6,-400.00000596E-3,,,,,-24.79999966E-6,-112.0000035E-3,
,,,-24.59999996E-6,0.0,,,,,-24.59999996E-6,-88.000006974E-3,
,,,-24.39999844E-6,-200.00000298E-3,,,,,-24.39999844E-6,-112.0000035E-3,
,,,-24.19999873E-6,0.0,,,,,-24.19999873E-6,-104.0000021E-3,
,,,-23.99999903E-6,0.0,,,,,-23.99999903E-6,-88.000006974E-3,
,,,-23.79999933E-6,0.0,,,,,-23.79999933E-6,-104.0000021E-3,
,,,-23.59999962E-6,400.00000596E-3,,,,,-23.59999962E-6,-104.0000021E-3,
,,,-23.39999992E-6,200.00000298E-3,,,,,-23.39999992E-6,-96.000000834E-3,
,,,-23.19999840E-6,0.0,,,,,-23.19999840E-6,-96.000000834E-3,
,,,-22.99999869E-6,200.00000298E-3,,,,,-22.99999869E-6,-96.000000834E-3,
,,,-22.79999899E-6,200.00000298E-3,,,,,-22.79999899E-6,-96.000000834E-3,
,,,-22.59999928E-6,0.0,,,,,-22.59999928E-6,-104.0000021E-3,
,,,-22.39999958E-6,-200.00000298E-3,,,,,-22.39999958E-6,-88.000006974E-3,
,,,-22.19999988E-6,400.00000596E-3,,,,,-22.19999988E-6,-96.000000834E-3,
,,,-21.99999835E-6,200.00000298E-3,,,,,-21.99999835E-6,-96.000000834E-3,
,,,-21.79999865E-6,200.00000298E-3,,,,,-21.79999865E-6,-88.000006974E-3,
,,,-21.59999895E-6,-200.00000298E-3,,,,,-21.59999895E-6,-96.000000834E-3,
,,,-21.39999924E-6,200.00000298E-3,,,,,-21.39999924E-6,-88.000006974E-3,
,,,-21.19999954E-6,200.00000298E-3,,,,,-21.19999954E-6,-88.000006974E-3,
,,,-20.99999983E-6,0.0,,,,,-20.99999983E-6,-104.0000021E-3,
,,,-20.79999831E-6,-400.00000596E-3,,,,,-20.79999831E-6,-112.0000035E-3,
,,,-20.59999861E-6,-200.00000298E-3,,,,,-20.59999861E-6,-96.000000834E-3,
,,,-20.39999890E-6,-200.00000298E-3,,,,,-20.39999890E-6,-88.000006974E-3,
,,,-20.19999920E-6,0.0,,,,,-20.19999920E-6,-104.0000021E-3,
,,,-19.9999995E-6,0.0,,,,,-19.9999995E-6,-104.0000021E-3,
,,,-19.7999998E-6,0.0,,,,,-19.7999998E-6,-104.0000021E-3,
,,,-19.5999983E-6,-400.00000596E-3,,,,,-19.5999983E-6,-96.000000834E-3,
,,,-19.3999986E-6,0.0,,,,,-19.3999986E-6,-104.0000021E-3,
,,,-19.1999989E-6,-200.00000298E-3,,,,,-19.1999989E-6,-104.0000021E-3,
,,,-18.9999992E-6,0.0,,,,,-18.9999992E-6,-96.000000834E-3,
,,,-18.7999995E-6,0.0,,,,,-18.7999995E-6,-96.000000834E-3,
,,,-18.5999997E-6,200.00000298E-3,,,,,-18.5999997E-6,-96.000000834E-3,
,,,-18.3999982E-6,0.0,,,,,-18.3999982E-6,-88.000006974E-3,
,,,-18.1999985E-6,200.00000298E-3,,,,,-18.1999985E-6,-104.0000021E-3,
,,,-17.9999988E-6,200.00000298E-3,,,,,-17.9999988E-6,-104.0000021E-3,
,,,-17.7999991E-6,0.0,,,,,-17.7999991E-6,-112.0000035E-3,
,,,-17.5999994E-6,0.0,,,,,-17.5999994E-6,-104.0000021E-3,
,,,-17.3999997E-6,0.0,,,,,-17.3999997E-6,-80.000005662E-3,
,,,-17.2000000E-6,200.00000298E-3,,,,,-17.2000000E-6,-104.0000021E-3,
,,,-16.9999985E-6,0.0,,,,,-16.9999985E-6,-104.0000021E-3,
,,,-16.7999988E-6,-200.00000298E-3,,,,,-16.7999988E-6,-96.000000834E-3,
,,,-16.5999991E-6,0.0,,,,,-16.5999991E-6,-88.000006974E-3,
,,,-16.3999994E-6,0.0,,,,,-16.3999994E-6,-96.000000834E-3,
,,,-16.1999997E-6,-200.00000298E-3,,,,,-16.1999997E-6,-96.000000834E-3,
,,,-16.0000000E-6,-400.00000596E-3,,,,,-16.0000000E-6,-96.000000834E-3,
,,,-15.7999984E-6,-200.00000298E-3,,,,,-15.7999984E-6,-96.000000834E-3,
,,,-15.5999987E-6,-400.00000596E-3,,,,,-15.5999987E-6,-104.0000021E-3,
,,,-15.3999990E-6,0.0,,,,,-15.3999990E-6,-96.000000834E-3,
,,,-15.1999993E-6,200.00000298E-3,,,,,-15.1999993E-6,-96.000000834E-3,
,,,-14.9999987E-6,0.0,,,,,-14.9999987E-6,-88.000006974E-3,
,,,-14.7999990E-6,0.0,,,,,-14.7999990E-6,-88.000006974E-3,
,,,-14.5999993E-6,200.00000298E-3,,,,,-14.5999993E-6,-88.000006974E-3,
,,,-14.3999987E-6,200.00000298E-3,,,,,-14.3999987E-6,-104.0000021E-3,
,,,-14.1999990E-6,-200.00000298E-3,,,,,-14.1999990E-6,-96.000000834E-3,
,,,-13.9999993E-6,0.0,,,,,-13.9999993E-6,-96.000000834E-3,
,,,-13.7999987E-6,0.0,,,,,-13.7999987E-6,-104.0000021E-3,
,,,-13.5999990E-6,200.00000298E-3,,,,,-13.5999990E-6,-120.0000048E-3,
,,,-13.3999993E-6,0.0,,,,,-13.3999993E-6,-96.000000834E-3,
,,,-13.1999986E-6,200.00000298E-3,,,,,-13.1999986E-6,-96.000000834E-3,
,,,-12.9999989E-6,200.00000298E-3,,,,,-12.9999989E-6,-88.000006974E-3,
,,,-12.7999992E-6,-200.00000298E-3,,,,,-12.7999992E-6,-104.0000021E-3,
,,,-12.5999986E-6,0.0,,,,,-12.5999986E-6,-104.0000021E-3,
,,,-12.3999989E-6,0.0,,,,,-12.3999989E-6,-88.000006974E-3,
,,,-12.1999992E-6,400.00000596E-3,,,,,-12.1999992E-6,-96.000000834E-3,
,,,-11.9999986E-6,400.00000596E-3,,,,,-11.9999986E-6,-88.000006974E-3,
,,,-11.7999989E-6,0.0,,,,,-11.7999989E-6,-80.000005662E-3,
,,,-11.5999992E-6,0.0,,,,,-11.5999992E-6,-88.000006974E-3,
,,,-11.3999986E-6,-200.00000298E-3,,,,,-11.3999986E-6,-80.000005662E-3,
,,,-11.1999989E-6,0.0,,,,,-11.1999989E-6,-104.0000021E-3,
,,,-10.9999992E-6,0.0,,,,,-10.9999992E-6,-96.000000834E-3,
,,,-10.7999986E-6,-200.00000298E-3,,,,,-10.7999986E-6,-88.000006974E-3,
,,,-10.5999989E-6,-200.00000298E-3,,,,,-10.5999989E-6,-80.000005662E-3,
,,,-10.3999992E-6,-400.00000596E-3,,,,,-10.3999992E-6,-104.0000021E-3,
,,,-10.1999995E-6,200.00000298E-3,,,,,-10.1999995E-6,-80.000005662E-3,
,,,-9.999998838E-6,-200.00000298E-3,,,,,-9.999998838E-6,-88.000006974E-3,
,,,-9.799999134E-6,0.0,,,,,-9.799999134E-6,-88.000006974E-3,
,,,-9.599999430E-6,-400.00000596E-3,,,,,-9.599999430E-6,-80.000005662E-3,
,,,-9.399998817E-6,-400.00000596E-3,,,,,-9.399998817E-6,-96.000000834E-3,
,,,-9.199999113E-6,-200.00000298E-3,,,,,-9.199999113E-6,-96.000000834E-3,
,,,-8.999999409E-6,0.0,,,,,-8.999999409E-6,-88.000006974E-3,
,,,-8.799998795E-6,200.00000298E-3,,,,,-8.799998795E-6,-80.000005662E-3,
,,,-8.599999092E-6,400.00000596E-3,,,,,-8.599999092E-6,-96.000000834E-3,
,,,-8.399999388E-6,400.00000596E-3,,,,,-8.399999388E-6,-72.000004351E-3,
,,,-8.199998774E-6,200.00000298E-3,,,,,-8.199998774E-6,-104.0000021E-3,
,,,-7.999999070E-6,200.00000298E-3,,,,,-7.999999070E-6,-96.000000834E-3,
,,,-7.799999366E-6,0.0,,,,,-7.799999366E-6,-112.0000035E-3,
,,,-7.599998753E-6,0.0,,,,,-7.599998753E-6,-112.0000035E-3,
,,,-7.399999049E-6,-200.00000298E-3,,,,,-7.399999049E-6,-88.000006974E-3,
,,,-7.19999889E-6,200.00000298E-3,,,,,-7.19999889E-6,-96.000000834E-3,
,,,-6.99999919E-6,200.00000298E-3,,,,,-6.99999919E-6,-88.000006974E-3,
,,,-6.79999903E-6,0.0,,,,,-6.79999903E-6,-96.000000834E-3,
,,,-6.59999887E-6,0.0,,,,,-6.59999887E-6,-88.000006974E-3,
,,,-6.39999917E-6,0.0,,,,,-6.39999917E-6,-88.000006974E-3,
,,,-6.19999901E-6,-200.00000298E-3,,,,,-6.19999901E-6,-104.0000021E-3,
,,,-5.99999885E-6,0.0,,,,,-5.99999885E-6,-96.000000834E-3,
,,,-5.79999914E-6,0.0,,,,,-5.79999914E-6,-88.000006974E-3,
,,,-5.59999899E-6,200.00000298E-3,,,,,-5.59999899E-6,-88.000006974E-3,
,,,-5.39999883E-6,0.0,,,,,-5.39999883E-6,-88.000006974E-3,
,,,-5.19999912E-6,200.00000298E-3,,,,,-5.19999912E-6,-88.000006974E-3,
,,,-4.99999896E-6,-400.00000596E-3,,,,,-4.99999896E-6,-104.0000021E-3,
,,,-4.79999881E-6,400.00000596E-3,,,,,-4.79999881E-6,-88.000006974E-3,
,,,-4.59999910E-6,0.0,,,,,-4.59999910E-6,-104.0000021E-3,
,,,-4.39999894E-6,0.0,,,,,-4.39999894E-6,-104.0000021E-3,
,,,-4.19999878E-6,0.0,,,,,-4.19999878E-6,-88.000006974E-3,
,,,-3.99999908E-6,0.0,,,,,-3.99999908E-6,-96.000000834E-3,
,,,-3.79999892E-6,200.00000298E-3,,,,,-3.79999892E-6,-96.000000834E-3,
,,,-3.59999899E-6,200.00000298E-3,,,,,-3.59999899E-6,-96.000000834E-3,
,,,-3.39999883E-6,-200.00000298E-3,,,,,-3.39999883E-6,-96.000000834E-3,
,,,-3.19999890E-6,-200.00000298E-3,,,,,-3.19999890E-6,-96.000000834E-3,
,,,-2.99999897E-6,400.00000596E-3,,,,,-2.99999897E-6,-112.0000035E-3,
,,,-2.79999904E-6,200.00000298E-3,,,,,-2.79999904E-6,-112.0000035E-3,
,,,-2.5999989E-6,0.0,,,,,-2.5999989E-6,-88.000006974E-3,
,,,-2.3999989E-6,400.00000596E-3,,,,,-2.3999989E-6,-88.000006974E-3,
,,,-2.1999990E-6,200.00000298E-3,,,,,-2.1999990E-6,-88.000006974E-3,
,,,-1.9999989E-6,0.0,,,,,-1.9999989E-6,-96.000000834E-3,
,,,-1.7999989E-6,-200.00000298E-3,,,,,-1.7999989E-6,-88.000006974E-3,
,,,-1.5999989E-6,200.00000298E-3,,,,,-1.5999989E-6,-80.000005662E-3,
,,,-1.3999990E-6,0.0,,,,,-1.3999990E-6,-88.000006974E-3,
,,,-1.1999989E-6,200.00000298E-3,,,,,-1.1999989E-6,-96.000000834E-3,
,,,-999.998860607E-9,-200.00000298E-3,,,,,-999.998860607E-9,-96.000000834E-3,
,,,-799.998929324E-9,-200.00000298E-3,,,,,-799.998929324E-9,-88.000006974E-3,
,,,-599.998884354E-9,0.0,,,,,-599.998884354E-9,-88.000006974E-3,
,,,-399.99889623E-9,-200.00000298E-3,,,,,-399.99889623E-9,-96.000000834E-3,
,,,-199.99889389E-9,200.00000298E-3,,,,,-199.99889389E-9,-96.000000834E-3,
,,,1.1084467E-12,200.00000298E-3,,,,,1.1084467E-12,-96.000000834E-3,
,,,200.00111078E-9,0.0,,,,,200.00111078E-9,-96.000000834E-3,
,,,400.00111312E-9,-200.00000298E-3,,,,,400.00111312E-9,-104.0000021E-3,
,,,600.001101247E-9,0.0,,,,,600.001101247E-9,-96.000000834E-3,
,,,800.001089374E-9,-200.00000298E-3,,,,,800.001089374E-9,-88.000006974E-3,
,,,1.0000011E-6,200.00000298E-3,,,,,1.0000011E-6,-88.000006974E-3,
,,,1.2000012E-6,0.0,,,,,1.2000012E-6,-88.000006974E-3,
,,,1.4000011E-6,200.00000298E-3,,,,,1.4000011E-6,1.1520001,
,,,1.6000012E-6,200.00000298E-3,,,,,1.6000012E-6,1.2240001,
,,,1.8000011E-6,600.000023842E-3,,,,,1.8000011E-6,1.2400000,
,,,2.0000011E-6,2.79999995,,,,,2.0000011E-6,1.2480000,
,,,2.2000011E-6,6.80000019,,,,,2.2000011E-6,1.2400000,
,,,2.4000012E-6,12.1999998,,,,,2.4000012E-6,1.2000000,
,,,2.6000012E-6,16.8000011,,,,,2.6000012E-6,1.2080001,
,,,2.80000108E-6,19.3999996,,,,,2.80000108E-6,1.1920000,
,,,3.00000124E-6,19.2000008,,,,,3.00000124E-6,1.1920000,
,,,3.20000117E-6,17.3999996,,,,,3.20000117E-6,1.1840000,
,,,3.40000111E-6,14.1999998,,,,,3.40000111E-6,1.1840000,
,,,3.60000104E-6,10.1999998,,,,,3.60000104E-6,1.1840000,
,,,3.80000120E-6,6.59999990,,,,,3.80000120E-6,1.1680001,
,,,4.00000135E-6,4.00000000,,,,,4.00000135E-6,1.1600001,
,,,4.20000106E-6,2.2000000,,,,,4.20000106E-6,1.1520001,
,,,4.40000122E-6,1.000000,,,,,4.40000122E-6,1.1440001,
,,,4.60000138E-6,800.000011921E-3,,,,,4.60000138E-6,1.1440001,
,,,4.80000108E-6,0.0,,,,,4.80000108E-6,1.1280000,
,,,5.00000124E-6,-400.00000596E-3,,,,,5.00000124E-6,1.1200000,
,,,5.20000140E-6,-200.00000298E-3,,,,,5.20000140E-6,1.1200000,
,,,5.40000110E-6,0.0,,,,,5.40000110E-6,1.1280000,
,,,5.60000126E-6,-400.00000596E-3,,,,,5.60000126E-6,1.1200000,
,,,5.80000096E-6,-400.00000596E-3,,,,,5.80000096E-6,1.1040001,
,,,6.00000112E-6,-200.00000298E-3,,,,,6.00000112E-6,1.0960001,
,,,6.20000128E-6,0.0,,,,,6.20000128E-6,1.0880001,
,,,6.40000098E-6,-600.000023842E-3,,,,,6.40000098E-6,1.0880001,
,,,6.60000114E-6,-600.000023842E-3,,,,,6.60000114E-6,1.0800000,
,,,6.80000130E-6,-400.00000596E-3,,,,,6.80000130E-6,1.0800000,
,,,7.00000101E-6,-800.000011921E-3,,,,,7.00000101E-6,1.0800000,
,,,7.20000116E-6,-800.000011921E-3,,,,,7.20000116E-6,1.0720000,
,,,7.400001323E-6,-800.000011921E-3,,,,,7.400001323E-6,1.0560000,
,,,7.600001027E-6,-400.00000596E-3,,,,,7.600001027E-6,1.0480001,
,,,7.800001185E-6,0.0,,,,,7.800001185E-6,1.0400001,
,,,8.000000889E-6,-600.000023842E-3,,,,,8.000000889E-6,1.0400001,
,,,8.200001503E-6,-600.000023842E-3,,,,,8.200001503E-6,1.0240000,
,,,8.400001207E-6,-600.000023842E-3,,,,,8.400001207E-6,1.0320001,
,,,8.600000911E-6,-600.000023842E-3,,,,,8.600000911E-6,1.0240000,
,,,8.800001524E-6,-400.00000596E-3,,,,,8.800001524E-6,1.0160000,
,,,9.000001228E-6,-800.000011921E-3,,,,,9.000001228E-6,1.0080000,
,,,9.200000932E-6,-400.00000596E-3,,,,,9.200000932E-6,1.000000,
,,,9.400001545E-6,-600.000023842E-3,,,,,9.400001545E-6,992.000043392E-3,
,,,9.600001249E-6,-600.000023842E-3,,,,,9.600001249E-6,1.0160000,
,,,9.800000953E-6,-800.000011921E-3,,,,,9.800000953E-6,984.000027180E-3,
,,,10.0000016E-6,-400.00000596E-3,,,,,10.0000016E-6,976.000070572E-3,
,,,10.2000013E-6,-600.000023842E-3,,,,,10.2000013E-6,984.000027180E-3,
,,,10.4000010E-6,-600.000023842E-3,,,,,10.4000010E-6,976.000070572E-3,
,,,10.6000016E-6,-1.000000,,,,,10.6000016E-6,968.000054359E-3,
,,,10.8000013E-6,-400.00000596E-3,,,,,10.8000013E-6,960.000038147E-3,
,,,11.0000010E-6,-200.00000298E-3,,,,,11.0000010E-6,952.000021935E-3,
,,,11.2000016E-6,-200.00000298E-3,,,,,11.2000016E-6,960.000038147E-3,
,,,11.4000013E-6,-200.00000298E-3,,,,,11.4000013E-6,936.000049114E-3,
,,,11.6000010E-6,-200.00000298E-3,,,,,11.6000010E-6,936.000049114E-3,
,,,11.8000016E-6,-200.00000298E-3,,,,,11.8000016E-6,936.000049114E-3,
,,,12.0000013E-6,-400.00000596E-3,,,,,12.0000013E-6,928.000032902E-3,
,,,12.2000010E-6,-400.00000596E-3,,,,,12.2000010E-6,920.000016689E-3,
,,,12.4000017E-6,-400.00000596E-3,,,,,12.4000017E-6,920.000016689E-3,
,,,12.6000014E-6,-400.00000596E-3,,,,,12.6000014E-6,904.000043869E-3,
,,,12.8000011E-6,-400.00000596E-3,,,,,12.8000011E-6,888.000071049E-3,
,,,13.0000017E-6,-400.00000596E-3,,,,,13.0000017E-6,896.000027657E-3,
,,,13.2000014E-6,-600.000023842E-3,,,,,13.2000014E-6,888.000071049E-3,
,,,13.4000011E-6,-200.00000298E-3,,,,,13.4000011E-6,888.000071049E-3,
,,,13.6000017E-6,-600.000023842E-3,,,,,13.6000017E-6,880.000054836E-3,
,,,13.8000014E-6,-600.000023842E-3,,,,,13.8000014E-6,872.000038624E-3,
,,,14.0000011E-6,-600.000023842E-3,,,,,14.0000011E-6,856.000065804E-3,
,,,14.2000017E-6,-400.00000596E-3,,,,,14.2000017E-6,864.000022411E-3,
,,,14.4000014E-6,-200.00000298E-3,,,,,14.4000014E-6,856.000065804E-3,
,,,14.6000011E-6,-200.00000298E-3,,,,,14.6000011E-6,848.000049591E-3,
,,,14.8000017E-6,-600.000023842E-3,,,,,14.8000017E-6,840.000033379E-3,
,,,15.0000014E-6,-400.00000596E-3,,,,,15.0000014E-6,832.000017166E-3,
,,,15.2000011E-6,-200.00000298E-3,,,,,15.2000011E-6,832.000017166E-3,
,,,15.4000008E-6,-600.000023842E-3,,,,,15.4000008E-6,840.000033379E-3,
,,,15.6000006E-6,-600.000023842E-3,,,,,15.6000006E-6,824.000060558E-3,
,,,15.8000021E-6,-400.00000596E-3,,,,,15.8000021E-6,832.000017166E-3,
,,,16.0000018E-6,-400.00000596E-3,,,,,16.0000018E-6,808.000028133E-3,
,,,16.2000015E-6,-400.00000596E-3,,,,,16.2000015E-6,808.000028133E-3,
,,,16.4000012E-6,-400.00000596E-3,,,,,16.4000012E-6,800.000011921E-3,
,,,16.6000009E-6,-600.000023842E-3,,,,,16.6000009E-6,808.000028133E-3,
,,,16.8000006E-6,-200.00000298E-3,,,,,16.8000006E-6,808.000028133E-3,
,,,17.0000021E-6,-200.00000298E-3,,,,,17.0000021E-6,784.000039101E-3,
,,,17.2000018E-6,-600.000023842E-3,,,,,17.2000018E-6,784.000039101E-3,
,,,17.4000015E-6,-200.00000298E-3,,,,,17.4000015E-6,776.000022888E-3,
,,,17.6000012E-6,-200.00000298E-3,,,,,17.6000012E-6,776.000022888E-3,
,,,17.8000009E-6,-200.00000298E-3,,,,,17.8000009E-6,768.000006676E-3,
,,,18.0000006E-6,-400.00000596E-3,,,,,18.0000006E-6,768.000006676E-3,
,,,18.2000022E-6,-200.00000298E-3,,,,,18.2000022E-6,752.000033855E-3,
,,,18.4000019E-6,-200.00000298E-3,,,,,18.4000019E-6,760.000050068E-3,
,,,18.6000016E-6,-400.00000596E-3,,,,,18.6000016E-6,760.000050068E-3,
,,,18.8000013E-6,-800.000011921E-3,,,,,18.8000013E-6,752.000033855E-3,
,,,19.0000010E-6,-400.00000596E-3,,,,,19.0000010E-6,728.000044823E-3,
,,,19.2000007E-6,-400.00000596E-3,,,,,19.2000007E-6,728.000044823E-3,
,,,19.4000022E-6,-600.000023842E-3,,,,,19.4000022E-6,720.000028610E-3,
,,,19.6000019E-6,-200.00000298E-3,,,,,19.6000019E-6,720.000028610E-3,
,,,19.8000016E-6,-400.00000596E-3,,,,,19.8000016E-6,704.000055790E-3,
,,,20.0000013E-6,-600.000023842E-3,,,,,20.0000013E-6,704.000055790E-3,
,,,20.20000102E-6,-400.00000596E-3,,,,,20.20000102E-6,712.000012398E-3,
,,,20.40000072E-6,-600.000023842E-3,,,,,20.40000072E-6,704.000055790E-3,
,,,20.60000224E-6,-400.00000596E-3,,,,,20.60000224E-6,712.000012398E-3,
,,,20.80000195E-6,-200.00000298E-3,,,,,20.80000195E-6,704.000055790E-3,
,,,21.00000165E-6,-400.00000596E-3,,,,,21.00000165E-6,688.000023365E-3,
,,,21.20000136E-6,-200.00000298E-3,,,,,21.20000136E-6,688.000023365E-3,
,,,21.40000106E-6,-200.00000298E-3,,,,,21.40000106E-6,688.000023365E-3,
,,,21.60000076E-6,-200.00000298E-3,,,,,21.60000076E-6,680.000007153E-3,
,,,21.80000047E-6,-400.00000596E-3,,,,,21.80000047E-6,672.000050545E-3,
,,,22.00000199E-6,-600.000023842E-3,,,,,22.00000199E-6,672.000050545E-3,
,,,22.20000169E-6,-400.00000596E-3,,,,,22.20000169E-6,672.000050545E-3,
,,,22.40000140E-6,-200.00000298E-3,,,,,22.40000140E-6,656.000018120E-3,
,,,22.60000110E-6,0.0,,,,,22.60000110E-6,656.000018120E-3,
,,,22.80000081E-6,0.0,,,,,22.80000081E-6,656.000018120E-3,
,,,23.00000051E-6,-200.00000298E-3,,,,,23.00000051E-6,648.000001907E-3,
,,,23.20000203E-6,-400.00000596E-3,,,,,23.20000203E-6,648.000001907E-3,
,,,23.40000174E-6,-400.00000596E-3,,,,,23.40000174E-6,640.000045300E-3,
,,,23.60000144E-6,-400.00000596E-3,,,,,23.60000144E-6,640.000045300E-3,
,,,23.80000114E-6,-600.000023842E-3,,,,,23.80000114E-6,632.000029087E-3,
,,,24.00000085E-6,-600.000023842E-3,,,,,24.00000085E-6,624.000012875E-3,
,,,24.20000055E-6,-400.00000596E-3,,,,,24.20000055E-6,624.000012875E-3,
,,,24.40000208E-6,-200.00000298E-3,,,,,24.40000208E-6,624.000012875E-3,
,,,24.60000178E-6,-400.00000596E-3,,,,,24.60000178E-6,616.000056267E-3,
,,,24.80000148E-6,-400.00000596E-3,,,,,24.80000148E-6,616.000056267E-3,
,,,25.00000119E-6,-200.00000298E-3,,,,,25.00000119E-6,608.000040054E-3,
,,,25.20000089E-6,0.0,,,,,25.20000089E-6,600.000023842E-3,
,,,25.40000060E-6,-400.00000596E-3,,,,,25.40000060E-6,592.000007629E-3,
,,,25.60000212E-6,0.0,,,,,25.60000212E-6,592.000007629E-3,
,,,25.80000182E-6,-200.00000298E-3,,,,,25.80000182E-6,576.000034809E-3,
,,,26.00000153E-6,200.00000298E-3,,,,,26.00000153E-6,576.000034809E-3,
,,,26.20000123E-6,-400.00000596E-3,,,,,26.20000123E-6,584.000051022E-3,
,,,26.40000093E-6,-400.00000596E-3,,,,,26.40000093E-6,576.000034809E-3,
,,,26.60000064E-6,0.0,,,,,26.60000064E-6,576.000034809E-3,
,,,26.80000216E-6,-400.00000596E-3,,,,,26.80000216E-6,568.000018597E-3,
,,,27.00000186E-6,-600.000023842E-3,,,,,27.00000186E-6,568.000018597E-3,
,,,27.20000157E-6,-600.000023842E-3,,,,,27.20000157E-6,568.000018597E-3,
,,,27.40000127E-6,-200.00000298E-3,,,,,27.40000127E-6,552.000045776E-3,
,,,27.60000098E-6,0.0,,,,,27.60000098E-6,552.000045776E-3,
,,,27.80000068E-6,-200.00000298E-3,,,,,27.80000068E-6,560.000002384E-3,
,,,28.00000220E-6,-400.00000596E-3,,,,,28.00000220E-6,552.000045776E-3,
,,,28.20000191E-6,-600.000023842E-3,,,,,28.20000191E-6,544.000029564E-3,
,,,28.40000161E-6,0.0,,,,,28.40000161E-6,552.000045776E-3,
,,,28.60000131E-6,-400.00000596E-3,,,,,28.60000131E-6,527.999997139E-3,
,,,28.80000102E-6,-1.000000,,,,,28.80000102E-6,527.999997139E-3,
,,,29.00000072E-6,-600.000023842E-3,,,,,29.00000072E-6,536.000013351E-3,
,,,29.20000225E-6,-400.00000596E-3,,,,,29.20000225E-6,527.999997139E-3,
,,,29.40000195E-6,-400.00000596E-3,,,,,29.40000195E-6,512.000024319E-3,
,,,29.60000165E-6,-600.000023842E-3,,,,,29.60000165E-6,520.000040531E-3,
,,,29.80000136E-6,-200.00000298E-3,,,,,29.80000136E-6,504.000008106E-3,
,,,30.00000106E-6,-400.00000596E-3,,,,,30.00000106E-6,512.000024319E-3,
,,,30.20000077E-6,-400.00000596E-3,,,,,30.20000077E-6,520.000040531E-3,
,,,30.40000229E-6,-600.000023842E-3,,,,,30.40000229E-6,512.000024319E-3,
,,,30.60000017E-6,-400.00000596E-3,,,,,30.60000017E-6,496.000021696E-3,
,,,30.80000170E-6,-200.00000298E-3,,,,,30.80000170E-6,488.000035286E-3,
,,,31.00000322E-6,0.0,,,,,31.00000322E-6,496.000021696E-3,
,,,31.20000110E-6,0.0,,,,,31.20000110E-6,480.000019073E-3,
,,,31.40000263E-6,0.0,,,,,31.40000263E-6,480.000019073E-3,
,,,31.60000051E-6,0.0,,,,,31.60000051E-6,480.000019073E-3,
,,,31.80000203E-6,0.0,,,,,31.80000203E-6,472.000032663E-3,
,,,31.99999992E-6,-200.00000298E-3,,,,,31.99999992E-6,472.000032663E-3,
,,,32.20000144E-6,-200.00000298E-3,,,,,32.20000144E-6,456.000030041E-3,
,,,32.40000297E-6,0.0,,,,,32.40000297E-6,456.000030041E-3,
,,,32.60000085E-6,-200.00000298E-3,,,,,32.60000085E-6,456.000030041E-3,
,,,32.80000237E-6,-400.00000596E-3,,,,,32.80000237E-6,464.000016451E-3,
,,,33.00000026E-6,-200.00000298E-3,,,,,33.00000026E-6,448.000013828E-3,
,,,33.20000178E-6,-200.00000298E-3,,,,,33.20000178E-6,456.000030041E-3,
,,,33.40000330E-6,0.0,,,,,33.40000330E-6,432.000011206E-3,
,,,33.60000119E-6,-400.00000596E-3,,,,,33.60000119E-6,432.000011206E-3,
,,,33.80000271E-6,-400.00000596E-3,,,,,33.80000271E-6,448.000013828E-3,
,,,34.00000060E-6,-400.00000596E-3,,,,,34.00000060E-6,440.000027418E-3,
,,,34.20000212E-6,0.0,,,,,34.20000212E-6,416.000008583E-3,
,,,34.40000000E-6,0.0,,,,,34.40000000E-6,440.000027418E-3,
,,,34.60000153E-6,-200.00000298E-3,,,,,34.60000153E-6,424.000024796E-3,
,,,34.80000305E-6,-400.00000596E-3,,,,,34.80000305E-6,424.000024796E-3,
,,,35.00000093E-6,-400.00000596E-3,,,,,35.00000093E-6,416.000008583E-3,
,,,35.20000246E-6,-400.00000596E-3,,,,,35.20000246E-6,400.00000596E-3,
,,,35.40000034E-6,-200.00000298E-3,,,,,35.40000034E-6,424.000024796E-3,
,,,35.60000187E-6,-200.00000298E-3,,,,,35.60000187E-6,416.000008583E-3,
,,,35.79999975E-6,-200.00000298E-3,,,,,35.79999975E-6,400.00000596E-3,
,,,36.00000127E-6,0.0,,,,,36.00000127E-6,400.00000596E-3,
,,,36.20000280E-6,0.0,,,,,36.20000280E-6,416.000008583E-3,
,,,36.40000068E-6,-200.00000298E-3,,,,,36.40000068E-6,400.00000596E-3,
,,,36.60000220E-6,0.0,,,,,36.60000220E-6,384.00000334E-3,
,,,36.80000009E-6,0.0,,,,,36.80000009E-6,384.00000334E-3,
,,,37.00000161E-6,-400.00000596E-3,,,,,37.00000161E-6,376.00001693E-3,
,,,37.20000313E-6,-200.00000298E-3,,,,,37.20000313E-6,384.00000334E-3,
,,,37.40000102E-6,-200.00000298E-3,,,,,37.40000102E-6,392.00001955E-3,
,,,37.60000254E-6,200.00000298E-3,,,,,37.60000254E-6,384.00000334E-3,
,,,37.80000043E-6,-200.00000298E-3,,,,,37.80000043E-6,368.00003052E-3,
,,,38.00000195E-6,0.0,,,,,38.00000195E-6,376.00001693E-3,
,,,38.19999984E-6,200.00000298E-3,,,,,38.19999984E-6,376.00001693E-3,
,,,38.40000136E-6,-200.00000298E-3,,,,,38.40000136E-6,368.00003052E-3,
,,,38.60000288E-6,-200.00000298E-3,,,,,38.60000288E-6,360.00001431E-3,
,,,38.80000077E-6,-400.00000596E-3,,,,,38.80000077E-6,376.00001693E-3,
,,,39.00000229E-6,0.0,,,,,39.00000229E-6,368.00003052E-3,
,,,39.20000017E-6,-400.00000596E-3,,,,,39.20000017E-6,352.00002789E-3,
,,,39.40000170E-6,-200.00000298E-3,,,,,39.40000170E-6,344.00001168E-3,
,,,39.60000322E-6,0.0,,,,,39.60000322E-6,352.00002789E-3,
,,,39.80000110E-6,-600.000023842E-3,,,,,39.80000110E-6,344.00001168E-3,
,,,40.00000263E-6,-400.00000596E-3,,,,,40.00000263E-6,344.00001168E-3,
,,,40.20000051E-6,0.0,,,,,40.20000051E-6,336.00002527E-3,
,,,40.40000204E-6,-400.00000596E-3,,,,,40.40000204E-6,344.00001168E-3,
,,,40.59999992E-6,-200.00000298E-3,,,,,40.59999992E-6,336.00002527E-3,
,,,40.80000144E-6,-200.00000298E-3,,,,,40.80000144E-6,328.00000906E-3,
,,,41.00000297E-6,0.0,,,,,41.00000297E-6,328.00000906E-3,
,,,41.20000085E-6,0.0,,,,,41.20000085E-6,320.00002265E-3,
,,,41.40000237E-6,200.00000298E-3,,,,,41.40000237E-6,320.00002265E-3,
,,,41.60000026E-6,-200.00000298E-3,,,,,41.60000026E-6,320.00002265E-3,
,,,41.80000178E-6,-400.00000596E-3,,,,,41.80000178E-6,312.00000644E-3,
,,,42.00000330E-6,-400.00000596E-3,,,,,42.00000330E-6,312.00000644E-3,
,,,42.20000119E-6,-200.00000298E-3,,,,,42.20000119E-6,320.00002265E-3,
,,,42.40000271E-6,-200.00000298E-3,,,,,42.40000271E-6,304.00002003E-3,
,,,42.60000060E-6,-200.00000298E-3,,,,,42.60000060E-6,304.00002003E-3,
,,,42.80000212E-6,-200.00000298E-3,,,,,42.80000212E-6,312.00000644E-3,
,,,43.00000001E-6,-200.00000298E-3,,,,,43.00000001E-6,304.00002003E-3,
,,,43.20000153E-6,-400.00000596E-3,,,,,43.20000153E-6,288.00001740E-3,
,,,43.40000305E-6,-400.00000596E-3,,,,,43.40000305E-6,304.00002003E-3,
,,,43.60000094E-6,-400.00000596E-3,,,,,43.60000094E-6,304.00002003E-3,
,,,43.80000246E-6,-400.00000596E-3,,,,,43.80000246E-6,280.00000119E-3,
,,,44.00000034E-6,-200.00000298E-3,,,,,44.00000034E-6,288.00001740E-3,
,,,44.20000187E-6,200.00000298E-3,,,,,44.20000187E-6,288.00001740E-3,
,,,44.40000339E-6,0.0,,,,,44.40000339E-6,280.00000119E-3,
,,,44.60000127E-6,-200.00000298E-3,,,,,44.60000127E-6,272.00001478E-3,
,,,44.80000280E-6,200.00000298E-3,,,,,44.80000280E-6,280.00000119E-3,
,,,45.00000068E-6,-200.00000298E-3,,,,,45.00000068E-6,280.00000119E-3,
,,,45.20000221E-6,-400.00000596E-3,,,,,45.20000221E-6,256.00001216E-3,
,,,45.40000009E-6,-200.00000298E-3,,,,,45.40000009E-6,256.00001216E-3,
,,,45.60000161E-6,0.0,,,,,45.60000161E-6,272.00001478E-3,
,,,45.80000314E-6,0.0,,,,,45.80000314E-6,256.00001216E-3,
,,,46.00000102E-6,-200.00000298E-3,,,,,46.00000102E-6,263.99999857E-3,
,,,46.20000254E-6,-200.00000298E-3,,,,,46.20000254E-6,263.99999857E-3,
,,,46.40000043E-6,0.0,,,,,46.40000043E-6,256.00001216E-3,
,,,46.60000195E-6,-400.00000596E-3,,,,,46.60000195E-6,248.00001085E-3,
,,,46.79999984E-6,-400.00000596E-3,,,,,46.79999984E-6,240.00000954E-3,
,,,47.00000136E-6,-400.00000596E-3,,,,,47.00000136E-6,256.00001216E-3,
,,,47.20000288E-6,0.0,,,,,47.20000288E-6,232.00000823E-3,
,,,47.40000077E-6,200.00000298E-3,,,,,47.40000077E-6,240.00000954E-3,
,,,47.60000229E-6,-200.00000298E-3,,,,,47.60000229E-6,248.00001085E-3,
,,,47.80000017E-6,-400.00000596E-3,,,,,47.80000017E-6,240.00000954E-3,
,,,48.00000170E-6,-200.00000298E-3,,,,,48.00000170E-6,240.00000954E-3,
,,,48.20000322E-6,-400.00000596E-3,,,,,48.20000322E-6,224.00000691E-3,
,,,48.40000111E-6,-200.00000298E-3,,,,,48.40000111E-6,232.00000823E-3,
,,,48.60000263E-6,-600.000023842E-3,,,,,48.60000263E-6,232.00000823E-3,
,,,48.80000051E-6,-400.00000596E-3,,,,,48.80000051E-6,224.00000691E-3,
,,,49.00000204E-6,-200.00000298E-3,,,,,49.00000204E-6,216.00000560E-3,
,,,49.19999992E-6,-200.00000298E-3,,,,,49.19999992E-6,240.00000954E-3,
,,,49.40000144E-6,-600.000023842E-3,,,,,49.40000144E-6,224.00000691E-3,
,,,49.60000297E-6,0.0,,,,,49.60000297E-6,232.00000823E-3,
,,,49.80000085E-6,-800.000011921E-3,,,,,49.80000085E-6,216.00000560E-3,
,,,50.00000237E-6,-400.00000596E-3,,,,,50.00000237E-6,224.00000691E-3,
,,,50.20000026E-6,-400.00000596E-3,,,,,50.20000026E-6,208.00000429E-3,
,,,50.40000178E-6,-400.00000596E-3,,,,,50.40000178E-6,208.00000429E-3,
,,,50.60000331E-6,0.0,,,,,50.60000331E-6,216.00000560E-3,
,,,50.80000119E-6,400.00000596E-3,,,,,50.80000119E-6,200.00000298E-3,
,,,51.00000271E-6,0.0,,,,,51.00000271E-6,208.00000429E-3,
,,,51.20000060E-6,200.00000298E-3,,,,,51.20000060E-6,192.00000167E-3,
,,,51.40000212E-6,200.00000298E-3,,,,,51.40000212E-6,192.00000167E-3,
,,,51.60000001E-6,0.0,,,,,51.60000001E-6,176.00001395E-3,
,,,51.80000153E-6,-200.00000298E-3,,,,,51.80000153E-6,184.00001526E-3,
,,,52.00000305E-6,0.0,,,,,52.00000305E-6,200.00000298E-3,
,,,52.20000094E-6,0.0,,,,,52.20000094E-6,184.00001526E-3,
,,,52.40000246E-6,200.00000298E-3,,,,,52.40000246E-6,176.00001395E-3,
,,,52.60000034E-6,-200.00000298E-3,,,,,52.60000034E-6,192.00000167E-3,
,,,52.80000187E-6,-400.00000596E-3,,,,,52.80000187E-6,184.00001526E-3,
,,,53.00000339E-6,-200.00000298E-3,,,,,53.00000339E-6,176.00001395E-3,
,,,53.20000128E-6,-200.00000298E-3,,,,,53.20000128E-6,176.00001395E-3,
,,,53.40000280E-6,-400.00000596E-3,,,,,53.40000280E-6,168.00001264E-3,
,,,53.60000068E-6,-400.00000596E-3,,,,,53.60000068E-6,160.00001132E-3,
,,,53.80000221E-6,-200.00000298E-3,,,,,53.80000221E-6,168.00001264E-3,
,,,54.00000009E-6,0.0,,,,,54.00000009E-6,184.00001526E-3,
,,,54.20000161E-6,0.0,,,,,54.20000161E-6,168.00001264E-3,
,,,54.40000314E-6,-200.00000298E-3,,,,,54.40000314E-6,152.00001001E-3,
,,,54.600001022E-6,0.0,,,,,54.600001022E-6,168.00001264E-3,
,,,54.800002545E-6,-200.00000298E-3,,,,,54.800002545E-6,152.00001001E-3,
,,,55.000000430E-6,0.0,,,,,55.000000430E-6,152.00001001E-3,
,,,55.200001952E-6,0.0,,,,,55.200001952E-6,160.00001132E-3,
,,,55.400003475E-6,0.0,,,,,55.400003475E-6,160.00001132E-3,
,,,55.600001360E-6,200.00000298E-3,,,,,55.600001360E-6,160.00001132E-3,
,,,55.800002883E-6,0.0,,,,,55.800002883E-6,152.00001001E-3,
,,,56.000000768E-6,-200.00000298E-3,,,,,56.000000768E-6,152.00001001E-3,
,,,56.200002291E-6,-200.00000298E-3,,,,,56.200002291E-6,144.0000087E-3,
,,,56.400000176E-6,200.00000298E-3,,,,,56.400000176E-6,136.0000074E-3,
,,,56.600001699E-6,200.00000298E-3,,,,,56.600001699E-6,144.0000087E-3,
,,,56.800003222E-6,-400.00000596E-3,,,,,56.800003222E-6,152.00001001E-3,
,,,57.000001107E-6,200.00000298E-3,,,,,57.000001107E-6,144.0000087E-3,
,,,57.200002630E-6,200.00000298E-3,,,,,57.200002630E-6,144.0000087E-3,
,,,57.400000514E-6,200.00000298E-3,,,,,57.400000514E-6,128.0000061E-3,
,,,57.600002037E-6,0.0,,,,,57.600002037E-6,128.0000061E-3,
,,,57.800003560E-6,-200.00000298E-3,,,,,57.800003560E-6,144.0000087E-3,
,,,58.000001445E-6,200.00000298E-3,,,,,58.000001445E-6,128.0000061E-3,
,,,58.200002968E-6,-200.00000298E-3,,,,,58.200002968E-6,128.0000061E-3,
,,,58.400000853E-6,-400.00000596E-3,,,,,58.400000853E-6,112.0000035E-3,
,,,58.600002376E-6,-400.00000596E-3,,,,,58.600002376E-6,128.0000061E-3,
,,,58.800000261E-6,-400.00000596E-3,,,,,58.800000261E-6,120.0000048E-3,
,,,59.000001784E-6,-600.000023842E-3,,,,,59.000001784E-6,112.0000035E-3,
,,,59.200003307E-6,0.0,,,,,59.200003307E-6,112.0000035E-3,
,,,59.400001192E-6,200.00000298E-3,,,,,59.400001192E-6,104.0000021E-3,
,,,59.600002714E-6,-600.000023842E-3,,,,,59.600002714E-6,104.0000021E-3,
,,,59.800000599E-6,-200.00000298E-3,,,,,59.800000599E-6,96.000000834E-3,
,,,60.000002122E-6,-200.00000298E-3,,,,,60.000002122E-6,96.000000834E-3,
,,,60.200000007E-6,0.0,,,,,60.200000007E-6,104.0000021E-3,
,,,60.400001530E-6,200.00000298E-3,,,,,60.400001530E-6,112.0000035E-3,
,,,60.600003053E-6,0.0,,,,,60.600003053E-6,96.000000834E-3,
,,,60.800000938E-6,0.0,,,,,60.800000938E-6,96.000000834E-3,
,,,61.000002461E-6,0.0,,,,,61.000002461E-6,104.0000021E-3,
,,,61.200000346E-6,200.00000298E-3,,,,,61.200000346E-6,88.000006974E-3,
,,,61.400001869E-6,-200.00000298E-3,,,,,61.400001869E-6,80.000005662E-3,
,,,61.600003392E-6,0.0,,,,,61.600003392E-6,80.000005662E-3,
,,,61.800004914E-6,-200.00000298E-3,,,,,61.800004914E-6,96.000000834E-3,
,,,61.999999161E-6,0.0,,,,,61.999999161E-6,88.000006974E-3,
,,,62.200000684E-6,-200.00000298E-3,,,,,62.200000684E-6,96.000000834E-3,
,,,62.400002207E-6,-200.00000298E-3,,,,,62.400002207E-6,88.000006974E-3,
,,,62.600003730E-6,0.0,,,,,62.600003730E-6,80.000005662E-3,
,,,62.800005253E-6,0.0,,,,,62.800005253E-6,80.000005662E-3,
,,,62.999999500E-6,-200.00000298E-3,,,,,62.999999500E-6,88.000006974E-3,
,,,63.200001023E-6,-200.00000298E-3,,,,,63.200001023E-6,80.000005662E-3,
,,,63.400002546E-6,-200.00000298E-3,,,,,63.400002546E-6,80.000005662E-3,
,,,63.600004069E-6,-400.00000596E-3,,,,,63.600004069E-6,80.000005662E-3,
,,,63.799998316E-6,-200.00000298E-3,,,,,63.799998316E-6,72.000004351E-3,
,,,63.999999838E-6,200.00000298E-3,,,,,63.999999838E-6,72.000004351E-3,
,,,64.200001361E-6,0.0,,,,,64.200001361E-6,80.000005662E-3,
,,,64.400002884E-6,-200.00000298E-3,,,,,64.400002884E-6,72.000004351E-3,
,,,64.600004407E-6,0.0,,,,,64.600004407E-6,72.000004351E-3,
,,,64.799998654E-6,0.0,,,,,64.799998654E-6,64.000003040E-3,
,,,65.000000177E-6,-400.00000596E-3,,,,,65.000000177E-6,56.000001729E-3,
,,,65.200001700E-6,0.0,,,,,65.200001700E-6,56.000001729E-3,
,,,65.400003223E-6,-200.00000298E-3,,,,,65.400003223E-6,56.000001729E-3,
,,,65.600004746E-6,200.00000298E-3,,,,,65.600004746E-6,72.000004351E-3,
,,,65.799998993E-6,-200.00000298E-3,,,,,65.799998993E-6,56.000001729E-3,
,,,66.000000515E-6,0.0,,,,,66.000000515E-6,48.00000042E-3,
,,,66.200002038E-6,200.00000298E-3,,,,,66.200002038E-6,48.00000042E-3,
,,,66.400003561E-6,-600.000023842E-3,,,,,66.400003561E-6,48.00000042E-3,
,,,66.600005084E-6,-200.00000298E-3,,,,,66.600005084E-6,40.00000283E-3,
,,,66.799999331E-6,-400.00000596E-3,,,,,66.799999331E-6,56.000001729E-3,
,,,67.000000854E-6,200.00000298E-3,,,,,67.000000854E-6,56.000001729E-3,
,,,67.200002377E-6,0.0,,,,,67.200002377E-6,48.00000042E-3,
,,,67.400003900E-6,0.0,,,,,67.400003900E-6,64.000003040E-3,
,,,67.600005423E-6,-200.00000298E-3,,,,,67.600005423E-6,56.000001729E-3,
,,,67.799999670E-6,-200.00000298E-3,,,,,67.799999670E-6,64.000003040E-3,
,,,68.000001193E-6,-200.00000298E-3,,,,,68.000001193E-6,32.00000152E-3,
,,,68.200002715E-6,0.0,,,,,68.200002715E-6,40.00000283E-3,
,,,68.400004238E-6,-600.000023842E-3,,,,,68.400004238E-6,40.00000283E-3,
,,,68.599998485E-6,-400.00000596E-3,,,,,68.599998485E-6,40.00000283E-3,
,,,68.800000008E-6,-400.00000596E-3,,,,,68.800000008E-6,40.00000283E-3,
,,,69.000001531E-6,-200.00000298E-3,,,,,69.000001531E-6,24.00000021E-3,
,,,69.200003054E-6,-400.00000596E-3,,,,,69.200003054E-6,40.00000283E-3,
,,,69.400004577E-6,-400.00000596E-3,,,,,69.400004577E-6,32.00000152E-3,
,,,69.599998824E-6,-400.00000596E-3,,,,,69.599998824E-6,40.00000283E-3,
,,,69.800000347E-6,-400.00000596E-3,,,,,69.800000347E-6,24.00000021E-3,
,,,70.000001870E-6,-400.00000596E-3,,,,,70.000001870E-6,24.00000021E-3,
,,,70.200003393E-6,-200.00000298E-3,,,,,70.200003393E-6,32.00000152E-3,
,,,70.400004915E-6,400.00000596E-3,,,,,70.400004915E-6,16.0000008E-3,
,,,70.599999162E-6,200.00000298E-3,,,,,70.599999162E-6,16.0000008E-3,
,,,70.800000685E-6,-200.00000298E-3,,,,,70.800000685E-6,24.00000021E-3,
,,,71.000002208E-6,200.00000298E-3,,,,,71.000002208E-6,8.000000380E-3,
,,,71.200003731E-6,0.0,,,,,71.200003731E-6,8.000000380E-3,
,,,71.400005254E-6,0.0,,,,,71.400005254E-6,8.000000380E-3,
,,,71.599999501E-6,0.0,,,,,71.599999501E-6,0.0,
,,,71.800001024E-6,0.0,,,,,71.800001024E-6,24.00000021E-3,
,,,72.000002547E-6,200.00000298E-3,,,,,72.000002547E-6,24.00000021E-3,
,,,72.200004070E-6,200.00000298E-3,,,,,72.200004070E-6,16.0000008E-3,
,,,72.399998317E-6,-200.00000298E-3,,,,,72.399998317E-6,24.00000021E-3,
,,,72.599999839E-6,-200.00000298E-3,,,,,72.599999839E-6,8.000000380E-3,
,,,72.800001362E-6,0.0,,,,,72.800001362E-6,16.0000008E-3,
,,,73.000002885E-6,0.0,,,,,73.000002885E-6,0.0,
,,,73.200004408E-6,0.0,,,,,73.200004408E-6,0.0,
,,,73.399998655E-6,-400.00000596E-3,,,,,73.399998655E-6,0.0,
,,,73.600000178E-6,0.0,,,,,73.600000178E-6,0.0,
,,,73.800001701E-6,400.00000596E-3,,,,,73.800001701E-6,0.0,
,,,74.000003224E-6,400.00000596E-3,,,,,74.000003224E-6,0.0,
,,,74.200004747E-6,200.00000298E-3,,,,,74.200004747E-6,-8.000000380E-3,
,,,74.399998994E-6,0.0,,,,,74.399998994E-6,-8.000000380E-3,
,,,74.600000517E-6,0.0,,,,,74.600000517E-6,-8.000000380E-3,
,,,74.800002039E-6,0.0,,,,,74.800002039E-6,-16.0000008E-3,
,,,75.000003562E-6,200.00000298E-3,,,,,75.000003562E-6,-16.0000008E-3,
,,,75.200005085E-6,0.0,,,,,75.200005085E-6,-16.0000008E-3,
,,,75.399999332E-6,400.00000596E-3,,,,,75.399999332E-6,-8.000000380E-3,
,,,75.600000855E-6,200.00000298E-3,,,,,75.600000855E-6,-24.00000021E-3,
,,,75.800002378E-6,0.0,,,,,75.800002378E-6,-24.00000021E-3,
,,,76.000003901E-6,0.0,,,,,76.000003901E-6,-32.00000152E-3,
,,,76.200005424E-6,0.0,,,,,76.200005424E-6,-32.00000152E-3,
,,,76.399999671E-6,0.0,,,,,76.399999671E-6,-40.00000283E-3,
,,,76.600001194E-6,-200.00000298E-3,,,,,76.600001194E-6,-24.00000021E-3,
,,,76.800002716E-6,200.00000298E-3,,,,,76.800002716E-6,-24.00000021E-3,
,,,77.000004239E-6,0.0,,,,,77.000004239E-6,-24.00000021E-3,
,,,77.199998486E-6,200.00000298E-3,,,,,77.199998486E-6,-16.0000008E-3,
,,,77.400000009E-6,200.00000298E-3,,,,,77.400000009E-6,-16.0000008E-3,
,,,77.600001532E-6,0.0,,,,,77.600001532E-6,-16.0000008E-3,
,,,77.800003055E-6,200.00000298E-3,,,,,77.800003055E-6,-24.00000021E-3,
,,,78.000004578E-6,-200.00000298E-3,,,,,78.000004578E-6,-40.00000283E-3,
,,,78.199998825E-6,-400.00000596E-3,,,,,78.199998825E-6,-32.00000152E-3,
,,,78.400000348E-6,-200.00000298E-3,,,,,78.400000348E-6,-24.00000021E-3,
,,,78.600001871E-6,0.0,,,,,78.600001871E-6,-24.00000021E-3,
,,,78.800003394E-6,-200.00000298E-3,,,,,78.800003394E-6,-32.00000152E-3,
,,,79.000004916E-6,0.0,,,,,79.000004916E-6,-24.00000021E-3,
,,,79.199999163E-6,0.0,,,,,79.199999163E-6,-24.00000021E-3,
,,,79.400000686E-6,0.0,,,,,79.400000686E-6,-48.00000042E-3,
,,,79.600002209E-6,0.0,,,,,79.600002209E-6,-40.00000283E-3,
,,,79.800003732E-6,200.00000298E-3,,,,,79.800003732E-6,-48.00000042E-3,
,,,80.000005255E-6,-200.00000298E-3,,,,,80.000005255E-6,-32.00000152E-3,
,,,80.199999502E-6,0.0,,,,,80.199999502E-6,-48.00000042E-3,
,,,80.400001025E-6,200.00000298E-3,,,,,80.400001025E-6,-48.00000042E-3,
,,,80.600002548E-6,200.00000298E-3,,,,,80.600002548E-6,-48.00000042E-3,
,,,80.800004071E-6,0.0,,,,,80.800004071E-6,-48.00000042E-3,
,,,81.000005594E-6,0.0,,,,,81.000005594E-6,-64.000003040E-3,
,,,81.199999840E-6,200.00000298E-3,,,,,81.199999840E-6,-48.00000042E-3,
,,,81.400001363E-6,0.0,,,,,81.400001363E-6,-64.000003040E-3,
,,,81.600002886E-6,0.0,,,,,81.600002886E-6,-48.00000042E-3,
,,,81.800004409E-6,0.0,,,,,81.800004409E-6,-56.000001729E-3,
,,,81.999998656E-6,0.0,,,,,81.999998656E-6,-64.000003040E-3,
,,,82.200000179E-6,200.00000298E-3,,,,,82.200000179E-6,-56.000001729E-3,
,,,82.400001702E-6,0.0,,,,,82.400001702E-6,-48.00000042E-3,
,,,82.600003225E-6,0.0,,,,,82.600003225E-6,-56.000001729E-3,
,,,82.800004748E-6,0.0,,,,,82.800004748E-6,-72.000004351E-3,
,,,82.999998995E-6,-400.00000596E-3,,,,,82.999998995E-6,-56.000001729E-3,
,,,83.200000518E-6,-200.00000298E-3,,,,,83.200000518E-6,-56.000001729E-3,
,,,83.400002040E-6,-200.00000298E-3,,,,,83.400002040E-6,-72.000004351E-3,
,,,83.600003563E-6,0.0,,,,,83.600003563E-6,-64.000003040E-3,
,,,83.800005086E-6,400.00000596E-3,,,,,83.800005086E-6,-64.000003040E-3,
,,,83.999999333E-6,0.0,,,,,83.999999333E-6,-64.000003040E-3,
,,,84.200000856E-6,-200.00000298E-3,,,,,84.200000856E-6,-64.000003040E-3,
,,,84.400002379E-6,200.00000298E-3,,,,,84.400002379E-6,-64.000003040E-3,
,,,84.600003902E-6,200.00000298E-3,,,,,84.600003902E-6,-64.000003040E-3,
,,,84.800005425E-6,-200.00000298E-3,,,,,84.800005425E-6,-80.000005662E-3,
,,,84.999999672E-6,0.0,,,,,84.999999672E-6,-72.000004351E-3,
,,,85.200001195E-6,0.0,,,,,85.200001195E-6,-88.000006974E-3,
,,,85.400002718E-6,200.00000298E-3,,,,,85.400002718E-6,-80.000005662E-3,
,,,85.600004240E-6,0.0,,,,,85.600004240E-6,-72.000004351E-3,
,,,85.799998487E-6,200.00000298E-3,,,,,85.799998487E-6,-88.000006974E-3,
,,,86.000000010E-6,400.00000596E-3,,,,,86.000000010E-6,-64.000003040E-3,
,,,86.200001533E-6,-200.00000298E-3,,,,,86.200001533E-6,-88.000006974E-3,
,,,86.400003056E-6,0.0,,,,,86.400003056E-6,-80.000005662E-3,
,,,86.600004579E-6,-200.00000298E-3,,,,,86.600004579E-6,-72.000004351E-3,
,,,86.799998826E-6,200.00000298E-3,,,,,86.799998826E-6,-80.000005662E-3,
,,,87.000000349E-6,400.00000596E-3,,,,,87.000000349E-6,-80.000005662E-3,
,,,87.200001872E-6,200.00000298E-3,,,,,87.200001872E-6,-64.000003040E-3,
,,,87.400003395E-6,0.0,,,,,87.400003395E-6,-72.000004351E-3,
,,,87.600004917E-6,0.0,,,,,87.600004917E-6,-56.000001729E-3,
,,,87.799999164E-6,0.0,,,,,87.799999164E-6,-80.000005662E-3,
,,,88.000000687E-6,0.0,,,,,88.000000687E-6,-72.000004351E-3,
,,,88.200002210E-6,-600.000023842E-3,,,,,88.200002210E-6,-64.000003040E-3,
,,,88.400003733E-6,-200.00000298E-3,,,,,88.400003733E-6,-72.000004351E-3,
,,,88.600005256E-6,-200.00000298E-3,,,,,88.600005256E-6,-80.000005662E-3,
,,,88.799999503E-6,-200.00000298E-3,,,,,88.799999503E-6,-72.000004351E-3,
,,,89.000001026E-6,-400.00000596E-3,,,,,89.000001026E-6,-72.000004351E-3,
,,,89.200002549E-6,-200.00000298E-3,,,,,89.200002549E-6,-72.000004351E-3,
,,,89.400004072E-6,-400.00000596E-3,,,,,89.400004072E-6,-80.000005662E-3,
,,,89.600005595E-6,-200.00000298E-3,,,,,89.600005595E-6,-88.000006974E-3,
,,,89.799999841E-6,-400.00000596E-3,,,,,89.799999841E-6,-96.000000834E-3,
,,,90.000001364E-6,-200.00000298E-3,,,,,90.000001364E-6,-80.000005662E-3,
,,,90.200002887E-6,0.0,,,,,90.200002887E-6,-88.000006974E-3,
,,,90.400004410E-6,200.00000298E-3,,,,,90.400004410E-6,-96.000000834E-3,
,,,90.599998657E-6,200.00000298E-3,,,,,90.599998657E-6,-80.000005662E-3,
,,,90.800000180E-6,200.00000298E-3,,,,,90.800000180E-6,-96.000000834E-3,
,,,91.000001703E-6,200.00000298E-3,,,,,91.000001703E-6,-88.000006974E-3,
,,,91.200003226E-6,0.0,,,,,91.200003226E-6,-112.0000035E-3,
,,,91.400004749E-6,0.0,,,,,91.400004749E-6,-88.000006974E-3,
,,,91.599998996E-6,0.0,,,,,91.599998996E-6,-80.000005662E-3,
,,,91.800000519E-6,200.00000298E-3,,,,,91.800000519E-6,-88.000006974E-3,
,,,92.000002041E-6,200.00000298E-3,,,,,92.000002041E-6,-80.000005662E-3,
,,,92.200003564E-6,-200.00000298E-3,,,,,92.200003564E-6,-88.000006974E-3,
,,,92.400005087E-6,-200.00000298E-3,,,,,92.400005087E-6,-80.000005662E-3,
,,,92.599999334E-6,0.0,,,,,92.599999334E-6,-88.000006974E-3,
,,,92.800000857E-6,200.00000298E-3,,,,,92.800000857E-6,-88.000006974E-3,
,,,93.000002380E-6,-200.00000298E-3,,,,,93.000002380E-6,-104.0000021E-3,
,,,93.200003903E-6,0.0,,,,,93.200003903E-6,-96.000000834E-3,
,,,93.400005426E-6,0.0,,,,,93.400005426E-6,-96.000000834E-3,
,,,93.599999673E-6,0.0,,,,,93.599999673E-6,-88.000006974E-3,
,,,93.800001196E-6,200.00000298E-3,,,,,93.800001196E-6,-88.000006974E-3,
,,,94.000002719E-6,-200.00000298E-3,,,,,94.000002719E-6,-120.0000048E-3,
,,,94.200004241E-6,0.0,,,,,94.200004241E-6,-104.0000021E-3,
,,,94.400005764E-6,0.0,,,,,94.400005764E-6,-104.0000021E-3,
,,,94.600000011E-6,-200.00000298E-3,,,,,94.600000011E-6,-112.0000035E-3,
,,,94.800001534E-6,200.00000298E-3,,,,,94.800001534E-6,-96.000000834E-3,
,,,95.000003057E-6,-200.00000298E-3,,,,,95.000003057E-6,-104.0000021E-3,
,,,95.200004580E-6,200.00000298E-3,,,,,95.200004580E-6,-104.0000021E-3,
,,,95.399998827E-6,0.0,,,,,95.399998827E-6,-120.0000048E-3,
,,,95.600000350E-6,400.00000596E-3,,,,,95.600000350E-6,-112.0000035E-3,
,,,95.800001873E-6,0.0,,,,,95.800001873E-6,-120.0000048E-3,
,,,96.000003396E-6,200.00000298E-3,,,,,96.000003396E-6,-112.0000035E-3,
,,,96.200004919E-6,0.0,,,,,96.200004919E-6,-120.0000048E-3,
,,,96.399999165E-6,-200.00000298E-3,,,,,96.399999165E-6,-96.000000834E-3,
,,,96.600000688E-6,200.00000298E-3,,,,,96.600000688E-6,-104.0000021E-3,
,,,96.800002211E-6,0.0,,,,,96.800002211E-6,-112.0000035E-3,
,,,97.000003734E-6,0.0,,,,,97.000003734E-6,-112.0000035E-3,
,,,97.200005257E-6,-400.00000596E-3,,,,,97.200005257E-6,-112.0000035E-3,
,,,97.399999504E-6,400.00000596E-3,,,,,97.399999504E-6,-128.0000061E-3,
,,,97.600001027E-6,200.00000298E-3,,,,,97.600001027E-6,-112.0000035E-3,
,,,97.800002550E-6,0.0,,,,,97.800002550E-6,-136.0000074E-3,
,,,98.000004073E-6,-200.00000298E-3,,,,,98.000004073E-6,-136.0000074E-3,
,,,98.200005596E-6,0.0,,,,,98.200005596E-6,-128.0000061E-3,
,,,98.399999843E-6,0.0,,,,,98.399999843E-6,-128.0000061E-3,
,,,98.600001365E-6,0.0,,,,,98.600001365E-6,-120.0000048E-3,
,,,98.800002888E-6,-200.00000298E-3,,,,,98.800002888E-6,-120.0000048E-3,
,,,99.000004411E-6,200.00000298E-3,,,,,99.000004411E-6,-128.0000061E-3,
,,,99.199998658E-6,-600.000023842E-3,,,,,99.199998658E-6,-120.0000048E-3,
,,,99.400000181E-6,-600.000023842E-3,,,,,99.400000181E-6,-144.0000087E-3,
,,,99.600001704E-6,0.0,,,,,99.600001704E-6,-136.0000074E-3,
,,,99.800003227E-6,0.0,,,,,99.800003227E-6,-128.0000061E-3,
,,,100.0000047E-6,200.00000298E-3,,,,,100.0000047E-6,-136.0000074E-3,
,,,100.1999990E-6,200.00000298E-3,,,,,100.1999990E-6,-136.0000074E-3,
,,,100.4000005E-6,0.0,,,,,100.4000005E-6,-128.0000061E-3,
,,,100.6000020E-6,200.00000298E-3,,,,,100.6000020E-6,-128.0000061E-3,
,,,100.8000036E-6,200.00000298E-3,,,,,100.8000036E-6,-112.0000035E-3,
,,,101.0000051E-6,0.0,,,,,101.0000051E-6,-152.00001001E-3,
,,,101.1999993E-6,200.00000298E-3,,,,,101.1999993E-6,-128.0000061E-3,
,,,101.4000009E-6,0.0,,,,,101.4000009E-6,-128.0000061E-3,
,,,101.6000024E-6,0.0,,,,,101.6000024E-6,-136.0000074E-3,
,,,101.8000039E-6,-200.00000298E-3,,,,,101.8000039E-6,-136.0000074E-3,
,,,102.0000054E-6,0.0,,,,,102.0000054E-6,-128.0000061E-3,
,,,102.1999997E-6,-200.00000298E-3,,,,,102.1999997E-6,-136.0000074E-3,
,,,102.4000012E-6,0.0,,,,,102.4000012E-6,-128.0000061E-3,
,,,102.6000027E-6,-200.00000298E-3,,,,,102.6000027E-6,-136.0000074E-3,
,,,102.8000042E-6,-400.00000596E-3,,,,,102.8000042E-6,-144.0000087E-3,
,,,103.0000058E-6,0.0,,,,,103.0000058E-6,-152.00001001E-3,
,,,103.2000000E-6,-400.00000596E-3,,,,,103.2000000E-6,-144.0000087E-3,
,,,103.4000015E-6,0.0,,,,,103.4000015E-6,-144.0000087E-3,
,,,103.6000031E-6,0.0,,,,,103.6000031E-6,-136.0000074E-3,
,,,103.8000046E-6,0.0,,,,,103.8000046E-6,-128.0000061E-3,
,,,103.9999988E-6,0.0,,,,,103.9999988E-6,-144.0000087E-3,
,,,104.2000004E-6,0.0,,,,,104.2000004E-6,-136.0000074E-3,
,,,104.4000019E-6,0.0,,,,,104.4000019E-6,-136.0000074E-3,
,,,104.6000034E-6,-400.00000596E-3,,,,,104.6000034E-6,-168.00001264E-3,
,,,104.8000049E-6,0.0,,,,,104.8000049E-6,-160.00001132E-3,
,,,104.9999992E-6,200.00000298E-3,,,,,104.9999992E-6,-160.00001132E-3,
,,,105.2000007E-6,400.00000596E-3,,,,,105.2000007E-6,-152.00001001E-3,
,,,105.4000022E-6,200.00000298E-3,,,,,105.4000022E-6,-152.00001001E-3,
,,,105.6000037E-6,0.0,,,,,105.6000037E-6,-144.0000087E-3,
,,,105.8000053E-6,200.00000298E-3,,,,,105.8000053E-6,-160.00001132E-3,
,,,105.9999995E-6,-200.00000298E-3,,,,,105.9999995E-6,-160.00001132E-3,
,,,106.2000010E-6,-200.00000298E-3,,,,,106.2000010E-6,-168.00001264E-3,
,,,106.4000026E-6,0.0,,,,,106.4000026E-6,-152.00001001E-3,
,,,106.6000041E-6,0.0,,,,,106.6000041E-6,-152.00001001E-3,
,,,106.8000056E-6,0.0,,,,,106.8000056E-6,-144.0000087E-3,
,,,106.9999998E-6,-200.00000298E-3,,,,,106.9999998E-6,-144.0000087E-3,
,,,107.2000014E-6,-200.00000298E-3,,,,,107.2000014E-6,-128.0000061E-3,
,,,107.4000029E-6,-200.00000298E-3,,,,,107.4000029E-6,-136.0000074E-3,
,,,107.6000044E-6,0.0,,,,,107.6000044E-6,-152.00001001E-3,
,,,107.8000059E-6,-400.00000596E-3,,,,,107.8000059E-6,-152.00001001E-3,
,,,108.0000002E-6,-400.00000596E-3,,,,,108.0000002E-6,-144.0000087E-3,
,,,108.2000017E-6,-400.00000596E-3,,,,,108.2000017E-6,-136.0000074E-3,
,,,108.4000032E-6,-400.00000596E-3,,,,,108.4000032E-6,-160.00001132E-3,
,,,108.6000048E-6,-400.00000596E-3,,,,,108.6000048E-6,-144.0000087E-3,
,,,108.7999990E-6,-600.000023842E-3,,,,,108.7999990E-6,-144.0000087E-3,
,,,109.0000005E-6,-200.00000298E-3,,,,,109.0000005E-6,-152.00001001E-3,
,,,109.2000020E-6,-400.00000596E-3,,,,,109.2000020E-6,-144.0000087E-3,
,,,109.4000036E-6,-200.00000298E-3,,,,,109.4000036E-6,-144.0000087E-3,
,,,109.6000051E-6,-400.00000596E-3,,,,,109.6000051E-6,-152.00001001E-3,
,,,109.7999993E-6,-200.00000298E-3,,,,,109.7999993E-6,-160.00001132E-3,
,,,110.0000009E-6,200.00000298E-3,,,,,110.0000009E-6,-160.00001132E-3,
,,,110.2000024E-6,-200.00000298E-3,,,,,110.2000024E-6,-160.00001132E-3,
,,,110.4000039E-6,200.00000298E-3,,,,,110.4000039E-6,-144.0000087E-3,
,,,110.6000054E-6,200.00000298E-3,,,,,110.6000054E-6,-160.00001132E-3,
,,,110.7999997E-6,200.00000298E-3,,,,,110.7999997E-6,-160.00001132E-3,
,,,111.0000012E-6,0.0,,,,,111.0000012E-6,-168.00001264E-3,
,,,111.2000027E-6,0.0,,,,,111.2000027E-6,-168.00001264E-3,
,,,111.4000042E-6,0.0,,,,,111.4000042E-6,-160.00001132E-3,
,,,111.6000058E-6,200.00000298E-3,,,,,111.6000058E-6,-160.00001132E-3,
,,,111.8000000E-6,0.0,,,,,111.8000000E-6,-160.00001132E-3,
,,,112.0000015E-6,-200.00000298E-3,,,,,112.0000015E-6,-160.00001132E-3,
,,,112.2000031E-6,0.0,,,,,112.2000031E-6,-168.00001264E-3,
,,,112.4000046E-6,400.00000596E-3,,,,,112.4000046E-6,-168.00001264E-3,
,,,112.5999988E-6,-200.00000298E-3,,,,,112.5999988E-6,-176.00001395E-3,
,,,112.8000004E-6,-200.00000298E-3,,,,,112.8000004E-6,-176.00001395E-3,
,,,113.0000019E-6,-200.00000298E-3,,,,,113.0000019E-6,-160.00001132E-3,
,,,113.2000034E-6,0.0,,,,,113.2000034E-6,-152.00001001E-3,
,,,113.4000049E-6,600.000023842E-3,,,,,113.4000049E-6,-168.00001264E-3,
,,,113.5999992E-6,0.0,,,,,113.5999992E-6,-152.00001001E-3,
,,,113.8000007E-6,0.0,,,,,113.8000007E-6,-168.00001264E-3,
,,,114.0000022E-6,0.0,,,,,114.0000022E-6,-160.00001132E-3,
,,,114.2000037E-6,0.0,,,,,114.2000037E-6,-176.00001395E-3,
,,,114.4000053E-6,-400.00000596E-3,,,,,114.4000053E-6,-176.00001395E-3,
,,,114.5999995E-6,200.00000298E-3,,,,,114.5999995E-6,-152.00001001E-3,
,,,114.8000010E-6,0.0,,,,,114.8000010E-6,-160.00001132E-3,
,,,115.0000026E-6,200.00000298E-3,,,,,115.0000026E-6,-168.00001264E-3,
,,,115.2000041E-6,200.00000298E-3,,,,,115.2000041E-6,-176.00001395E-3,
,,,115.4000056E-6,0.0,,,,,115.4000056E-6,-176.00001395E-3,
,,,115.5999998E-6,-200.00000298E-3,,,,,115.5999998E-6,-160.00001132E-3,
,,,115.8000014E-6,200.00000298E-3,,,,,115.8000014E-6,-176.00001395E-3,
,,,116.0000029E-6,200.00000298E-3,,,,,116.0000029E-6,-176.00001395E-3,
,,,116.2000044E-6,-200.00000298E-3,,,,,116.2000044E-6,-168.00001264E-3,
,,,116.4000059E-6,400.00000596E-3,,,,,116.4000059E-6,-160.00001132E-3,
,,,116.6000002E-6,200.00000298E-3,,,,,116.6000002E-6,-168.00001264E-3,
,,,116.8000017E-6,200.00000298E-3,,,,,116.8000017E-6,-152.00001001E-3,
,,,117.0000032E-6,-200.00000298E-3,,,,,117.0000032E-6,-168.00001264E-3,
,,,117.2000048E-6,200.00000298E-3,,,,,117.2000048E-6,-168.00001264E-3,
,,,117.3999990E-6,200.00000298E-3,,,,,117.3999990E-6,-168.00001264E-3,
,,,117.6000005E-6,0.0,,,,,117.6000005E-6,-176.00001395E-3,
,,,117.8000020E-6,-400.00000596E-3,,,,,117.8000020E-6,-200.00000298E-3,
,,,118.0000036E-6,0.0,,,,,118.0000036E-6,-160.00001132E-3,
,,,118.2000051E-6,-400.00000596E-3,,,,,118.2000051E-6,-160.00001132E-3,
,,,118.3999993E-6,-200.00000298E-3,,,,,118.3999993E-6,-176.00001395E-3,
,,,118.6000009E-6,0.0,,,,,118.6000009E-6,-168.00001264E-3,
,,,118.8000024E-6,0.0,,,,,118.8000024E-6,-176.00001395E-3,
,,,119.0000039E-6,-200.00000298E-3,,,,,119.0000039E-6,-192.00000167E-3,
,,,119.2000054E-6,-400.00000596E-3,,,,,119.2000054E-6,-192.00000167E-3,
,,,119.3999997E-6,0.0,,,,,119.3999997E-6,-192.00000167E-3,
,,,119.6000012E-6,-200.00000298E-3,,,,,119.6000012E-6,-168.00001264E-3,
,,,119.8000027E-6,200.00000298E-3,,,,,119.8000027E-6,-184.00001526E-3,
,,,120.0000042E-6,0.0,,,,,120.0000042E-6,-184.00001526E-3,
,,,120.2000058E-6,0.0,,,,,120.2000058E-6,-184.00001526E-3,
,,,120.4000000E-6,200.00000298E-3,,,,,120.4000000E-6,-184.00001526E-3,
,,,120.6000015E-6,200.00000298E-3,,,,,120.6000015E-6,-184.00001526E-3,
,,,120.8000031E-6,0.0,,,,,120.8000031E-6,-192.00000167E-3,
,,,121.0000046E-6,0.0,,,,,121.0000046E-6,-184.00001526E-3,
,,,121.2000061E-6,200.00000298E-3,,,,,121.2000061E-6,-184.00001526E-3,
,,,121.4000004E-6,0.0,,,,,121.4000004E-6,-176.00001395E-3,
,,,121.6000019E-6,400.00000596E-3,,,,,121.6000019E-6,-192.00000167E-3,
,,,121.8000034E-6,200.00000298E-3,,,,,121.8000034E-6,-168.00001264E-3,
,,,122.0000049E-6,-200.00000298E-3,,,,,122.0000049E-6,-168.00001264E-3,
,,,122.1999992E-6,0.0,,,,,122.1999992E-6,-176.00001395E-3,
,,,122.4000007E-6,-400.00000596E-3,,,,,122.4000007E-6,-192.00000167E-3,
,,,122.6000022E-6,-200.00000298E-3,,,,,122.6000022E-6,-176.00001395E-3,
,,,122.8000037E-6,-200.00000298E-3,,,,,122.8000037E-6,-184.00001526E-3,
,,,123.0000053E-6,-200.00000298E-3,,,,,123.0000053E-6,-184.00001526E-3,
,,,123.2000068E-6,0.0,,,,,123.2000068E-6,-208.00000429E-3,
,,,123.4000083E-6,200.00000298E-3,,,,,123.4000083E-6,-168.00001264E-3,
,,,123.6000098E-6,0.0,,,,,123.6000098E-6,-184.00001526E-3,
,,,123.7999968E-6,0.0,,,,,123.7999968E-6,-192.00000167E-3,
,,,123.9999983E-6,200.00000298E-3,,,,,123.9999983E-6,-184.00001526E-3,
,,,124.1999998E-6,0.0,,,,,124.1999998E-6,-184.00001526E-3,
,,,124.4000014E-6,-400.00000596E-3,,,,,124.4000014E-6,-200.00000298E-3,
,,,124.6000029E-6,0.0,,,,,124.6000029E-6,-192.00000167E-3,
,,,124.8000044E-6,0.0,,,,,124.8000044E-6,-200.00000298E-3,
,,,125.0000059E-6,200.00000298E-3,,,,,125.0000059E-6,-216.00000560E-3,
,,,125.2000075E-6,200.00000298E-3,,,,,125.2000075E-6,-192.00000167E-3,
,,,125.4000090E-6,200.00000298E-3,,,,,125.4000090E-6,-184.00001526E-3,
,,,125.5999960E-6,400.00000596E-3,,,,,125.5999960E-6,-192.00000167E-3,
,,,125.7999975E-6,0.0,,,,,125.7999975E-6,-216.00000560E-3,
,,,125.9999990E-6,-400.00000596E-3,,,,,125.9999990E-6,-208.00000429E-3,
,,,126.2000005E-6,-200.00000298E-3,,,,,126.2000005E-6,-184.00001526E-3,
,,,126.4000020E-6,200.00000298E-3,,,,,126.4000020E-6,-192.00000167E-3,
,,,126.6000036E-6,200.00000298E-3,,,,,126.6000036E-6,-184.00001526E-3,
,,,126.8000051E-6,200.00000298E-3,,,,,126.8000051E-6,-184.00001526E-3,
,,,127.0000066E-6,0.0,,,,,127.0000066E-6,-184.00001526E-3,
,,,127.2000081E-6,-200.00000298E-3,,,,,127.2000081E-6,-192.00000167E-3,
,,,127.4000097E-6,-200.00000298E-3,,,,,127.4000097E-6,-216.00000560E-3,
,,,127.5999966E-6,0.0,,,,,127.5999966E-6,-200.00000298E-3,
,,,127.7999982E-6,0.0,,,,,127.7999982E-6,-176.00001395E-3,
,,,127.9999997E-6,0.0,,,,,127.9999997E-6,-192.00000167E-3,
,,,128.2000012E-6,0.0,,,,,128.2000012E-6,-192.00000167E-3,
,,,128.4000027E-6,-400.00000596E-3,,,,,128.4000027E-6,-192.00000167E-3,
,,,128.6000042E-6,-400.00000596E-3,,,,,128.6000042E-6,-192.00000167E-3,
,,,128.8000058E-6,-200.00000298E-3,,,,,128.8000058E-6,-192.00000167E-3,
,,,129.0000073E-6,-400.00000596E-3,,,,,129.0000073E-6,-184.00001526E-3,
,,,129.2000088E-6,-200.00000298E-3,,,,,129.2000088E-6,-200.00000298E-3,
,,,129.3999958E-6,-600.000023842E-3,,,,,129.3999958E-6,-200.00000298E-3,
,,,129.5999973E-6,200.00000298E-3,,,,,129.5999973E-6,-192.00000167E-3,
,,,129.7999988E-6,200.00000298E-3,,,,,129.7999988E-6,-184.00001526E-3,
,,,130.0000004E-6,400.00000596E-3,,,,,130.0000004E-6,-208.00000429E-3,
,,,130.2000019E-6,0.0,,,,,130.2000019E-6,-200.00000298E-3,
,,,130.4000034E-6,400.00000596E-3,,,,,130.4000034E-6,-208.00000429E-3,
,,,130.6000049E-6,0.0,,,,,130.6000049E-6,-200.00000298E-3,
,,,130.8000064E-6,0.0,,,,,130.8000064E-6,-216.00000560E-3,
,,,131.0000080E-6,200.00000298E-3,,,,,131.0000080E-6,-208.00000429E-3,
,,,131.2000095E-6,200.00000298E-3,,,,,131.2000095E-6,-192.00000167E-3,
,,,131.3999965E-6,200.00000298E-3,,,,,131.3999965E-6,-200.00000298E-3,
,,,131.5999980E-6,200.00000298E-3,,,,,131.5999980E-6,-200.00000298E-3,
,,,131.7999995E-6,0.0,,,,,131.7999995E-6,-192.00000167E-3,
,,,132.0000010E-6,-200.00000298E-3,,,,,132.0000010E-6,-200.00000298E-3,
,,,132.2000026E-6,200.00000298E-3,,,,,132.2000026E-6,-192.00000167E-3,
,,,132.4000041E-6,-200.00000298E-3,,,,,132.4000041E-6,-208.00000429E-3,
,,,132.6000056E-6,-200.00000298E-3,,,,,132.6000056E-6,-200.00000298E-3,
,,,132.8000071E-6,0.0,,,,,132.8000071E-6,-192.00000167E-3,
,,,133.0000086E-6,200.00000298E-3,,,,,133.0000086E-6,-216.00000560E-3,
,,,133.1999956E-6,600.000023842E-3,,,,,133.1999956E-6,-192.00000167E-3,
,,,133.3999971E-6,200.00000298E-3,,,,,133.3999971E-6,-200.00000298E-3,
,,,133.5999987E-6,0.0,,,,,133.5999987E-6,-216.00000560E-3,
,,,133.8000002E-6,0.0,,,,,133.8000002E-6,-200.00000298E-3,
,,,134.0000017E-6,200.00000298E-3,,,,,134.0000017E-6,-200.00000298E-3,
,,,134.2000032E-6,0.0,,,,,134.2000032E-6,-224.00000691E-3,
,,,134.4000048E-6,200.00000298E-3,,,,,134.4000048E-6,-216.00000560E-3,
,,,134.6000063E-6,0.0,,,,,134.6000063E-6,-216.00000560E-3,
,,,134.8000078E-6,400.00000596E-3,,,,,134.8000078E-6,-200.00000298E-3,
,,,135.0000093E-6,0.0,,,,,135.0000093E-6,-216.00000560E-3,
,,,135.1999963E-6,0.0,,,,,135.1999963E-6,-200.00000298E-3,
,,,135.3999978E-6,0.0,,,,,135.3999978E-6,-216.00000560E-3,
,,,135.5999993E-6,200.00000298E-3,,,,,135.5999993E-6,-232.00000823E-3,
,,,135.8000009E-6,200.00000298E-3,,,,,135.8000009E-6,-224.00000691E-3,
,,,136.0000024E-6,-200.00000298E-3,,,,,136.0000024E-6,-200.00000298E-3,
,,,136.2000039E-6,400.00000596E-3,,,,,136.2000039E-6,-200.00000298E-3,
,,,136.4000054E-6,400.00000596E-3,,,,,136.4000054E-6,-200.00000298E-3,
,,,136.6000070E-6,400.00000596E-3,,,,,136.6000070E-6,-208.00000429E-3,
,,,136.8000085E-6,0.0,,,,,136.8000085E-6,-200.00000298E-3,
,,,136.9999954E-6,400.00000596E-3,,,,,136.9999954E-6,-200.00000298E-3,
,,,137.1999970E-6,200.00000298E-3,,,,,137.1999970E-6,-200.00000298E-3,
,,,137.3999985E-6,200.00000298E-3,,,,,137.3999985E-6,-224.00000691E-3,
,,,137.6000000E-6,-400.00000596E-3,,,,,137.6000000E-6,-216.00000560E-3,
,,,137.8000015E-6,-200.00000298E-3,,,,,137.8000015E-6,-200.00000298E-3,
,,,138.0000031E-6,0.0,,,,,138.0000031E-6,-216.00000560E-3,
,,,138.2000046E-6,-400.00000596E-3,,,,,138.2000046E-6,-208.00000429E-3,
,,,138.4000061E-6,0.0,,,,,138.4000061E-6,-216.00000560E-3,
,,,138.6000076E-6,-200.00000298E-3,,,,,138.6000076E-6,-200.00000298E-3,
,,,138.8000092E-6,-200.00000298E-3,,,,,138.8000092E-6,-216.00000560E-3,
,,,138.9999961E-6,0.0,,,,,138.9999961E-6,-232.00000823E-3,
,,,139.1999976E-6,200.00000298E-3,,,,,139.1999976E-6,-224.00000691E-3,
,,,139.3999992E-6,-200.00000298E-3,,,,,139.3999992E-6,-192.00000167E-3,
,,,139.6000007E-6,200.00000298E-3,,,,,139.6000007E-6,-208.00000429E-3,
,,,139.8000022E-6,0.0,,,,,139.8000022E-6,-216.00000560E-3,
,,,140.0000037E-6,0.0,,,,,140.0000037E-6,-216.00000560E-3,
,,,140.2000053E-6,200.00000298E-3,,,,,140.2000053E-6,-224.00000691E-3,
,,,140.4000068E-6,0.0,,,,,140.4000068E-6,-208.00000429E-3,
,,,140.6000083E-6,0.0,,,,,140.6000083E-6,-216.00000560E-3,
,,,140.8000098E-6,0.0,,,,,140.8000098E-6,-216.00000560E-3,
,,,140.9999968E-6,0.0,,,,,140.9999968E-6,-200.00000298E-3,
,,,141.1999983E-6,200.00000298E-3,,,,,141.1999983E-6,-216.00000560E-3,
,,,141.3999998E-6,0.0,,,,,141.3999998E-6,-216.00000560E-3,
,,,141.6000014E-6,400.00000596E-3,,,,,141.6000014E-6,-208.00000429E-3,
,,,141.8000029E-6,0.0,,,,,141.8000029E-6,-208.00000429E-3,
,,,142.0000044E-6,0.0,,,,,142.0000044E-6,-224.00000691E-3,
,,,142.2000059E-6,200.00000298E-3,,,,,142.2000059E-6,-224.00000691E-3,
,,,142.4000075E-6,-200.00000298E-3,,,,,142.4000075E-6,-232.00000823E-3,
,,,142.6000090E-6,-200.00000298E-3,,,,,142.6000090E-6,-216.00000560E-3,
,,,142.7999960E-6,0.0,,,,,142.7999960E-6,-208.00000429E-3,
,,,142.9999975E-6,0.0,,,,,142.9999975E-6,-216.00000560E-3,
,,,143.1999990E-6,600.000023842E-3,,,,,143.1999990E-6,-216.00000560E-3,
,,,143.4000005E-6,200.00000298E-3,,,,,143.4000005E-6,-208.00000429E-3,
,,,143.6000020E-6,0.0,,,,,143.6000020E-6,-224.00000691E-3,
,,,143.8000036E-6,400.00000596E-3,,,,,143.8000036E-6,-224.00000691E-3,
,,,144.0000051E-6,400.00000596E-3,,,,,144.0000051E-6,-208.00000429E-3,
,,,144.2000066E-6,0.0,,,,,144.2000066E-6,-232.00000823E-3,
,,,144.4000081E-6,0.0,,,,,144.4000081E-6,-216.00000560E-3,
,,,144.6000097E-6,200.00000298E-3,,,,,144.6000097E-6,-232.00000823E-3,
,,,144.7999966E-6,200.00000298E-3,,,,,144.7999966E-6,-224.00000691E-3,
,,,144.9999982E-6,200.00000298E-3,,,,,144.9999982E-6,-224.00000691E-3,
,,,145.1999997E-6,200.00000298E-3,,,,,145.1999997E-6,-232.00000823E-3,
,,,145.4000012E-6,200.00000298E-3,,,,,145.4000012E-6,-216.00000560E-3,
,,,145.6000027E-6,200.00000298E-3,,,,,145.6000027E-6,-224.00000691E-3,
,,,145.8000042E-6,200.00000298E-3,,,,,145.8000042E-6,-240.00000954E-3,
,,,146.0000058E-6,-200.00000298E-3,,,,,146.0000058E-6,-216.00000560E-3,
,,,146.2000073E-6,200.00000298E-3,,,,,146.2000073E-6,-232.00000823E-3,
,,,146.4000088E-6,600.000023842E-3,,,,,146.4000088E-6,-208.00000429E-3,
,,,146.5999958E-6,200.00000298E-3,,,,,146.5999958E-6,-208.00000429E-3,
,,,146.7999973E-6,200.00000298E-3,,,,,146.7999973E-6,-200.00000298E-3,
,,,146.9999988E-6,200.00000298E-3,,,,,146.9999988E-6,-200.00000298E-3,
,,,147.2000004E-6,0.0,,,,,147.2000004E-6,-232.00000823E-3,
,,,147.4000019E-6,200.00000298E-3,,,,,147.4000019E-6,-224.00000691E-3,
,,,147.6000034E-6,-600.000023842E-3,,,,,147.6000034E-6,-208.00000429E-3,
,,,147.8000049E-6,-200.00000298E-3,,,,,147.8000049E-6,-208.00000429E-3,
,,,148.0000064E-6,-200.00000298E-3,,,,,148.0000064E-6,-224.00000691E-3,
,,,148.2000080E-6,200.00000298E-3,,,,,148.2000080E-6,-208.00000429E-3,
,,,148.4000095E-6,-400.00000596E-3,,,,,148.4000095E-6,-216.00000560E-3,
,,,148.59999646E-6,0.0,,,,,148.59999646E-6,-216.00000560E-3,
,,,148.79999799E-6,-400.00000596E-3,,,,,148.79999799E-6,-216.00000560E-3,
,,,148.99999951E-6,-200.00000298E-3,,,,,148.99999951E-6,-216.00000560E-3,
,,,149.20000103E-6,0.0,,,,,149.20000103E-6,-232.00000823E-3,
,,,149.40000256E-6,200.00000298E-3,,,,,149.40000256E-6,-216.00000560E-3,
,,,149.60000408E-6,400.00000596E-3,,,,,149.60000408E-6,-240.00000954E-3,
,,,149.80000560E-6,600.000023842E-3,,,,,149.80000560E-6,-232.00000823E-3,
,,,150.00000712E-6,400.00000596E-3,,,,,150.00000712E-6,-224.00000691E-3,
,,,150.20000865E-6,600.000023842E-3,,,,,150.20000865E-6,-224.00000691E-3,
,,,150.39999562E-6,200.00000298E-3,,,,,150.39999562E-6,-224.00000691E-3,
,,,150.59999714E-6,200.00000298E-3,,,,,150.59999714E-6,-224.00000691E-3,
,,,150.79999866E-6,200.00000298E-3,,,,,150.79999866E-6,-224.00000691E-3,
,,,151.00000019E-6,200.00000298E-3,,,,,151.00000019E-6,-200.00000298E-3,
,,,151.20000171E-6,0.0,,,,,151.20000171E-6,-224.00000691E-3,
,,,151.40000323E-6,400.00000596E-3,,,,,151.40000323E-6,-208.00000429E-3,
,,,151.60000476E-6,200.00000298E-3,,,,,151.60000476E-6,-208.00000429E-3,
,,,151.80000628E-6,0.0,,,,,151.80000628E-6,-216.00000560E-3,
,,,152.00000780E-6,200.00000298E-3,,,,,152.00000780E-6,-208.00000429E-3,
,,,152.20000932E-6,0.0,,,,,152.20000932E-6,-232.00000823E-3,
,,,152.39999630E-6,0.0,,,,,152.39999630E-6,-224.00000691E-3,
,,,152.59999782E-6,-200.00000298E-3,,,,,152.59999782E-6,-216.00000560E-3,
,,,152.79999934E-6,0.0,,,,,152.79999934E-6,-224.00000691E-3,
,,,153.00000086E-6,200.00000298E-3,,,,,153.00000086E-6,-216.00000560E-3,
,,,153.20000239E-6,400.00000596E-3,,,,,153.20000239E-6,-208.00000429E-3,
,,,153.40000391E-6,0.0,,,,,153.40000391E-6,-232.00000823E-3,
,,,153.60000543E-6,0.0,,,,,153.60000543E-6,-216.00000560E-3,
,,,153.80000696E-6,200.00000298E-3,,,,,153.80000696E-6,-216.00000560E-3,
,,,154.00000848E-6,0.0,,,,,154.00000848E-6,-240.00000954E-3,
,,,154.20001000E-6,0.0,,,,,154.20001000E-6,-216.00000560E-3,
,,,154.39999697E-6,200.00000298E-3,,,,,154.39999697E-6,-232.00000823E-3,
,,,154.59999850E-6,400.00000596E-3,,,,,154.59999850E-6,-224.00000691E-3,
,,,154.80000002E-6,400.00000596E-3,,,,,154.80000002E-6,-224.00000691E-3,
,,,155.00000154E-6,0.0,,,,,155.00000154E-6,-224.00000691E-3,
,,,155.20000306E-6,0.0,,,,,155.20000306E-6,-232.00000823E-3,
,,,155.40000459E-6,200.00000298E-3,,,,,155.40000459E-6,-240.00000954E-3,
,,,155.60000611E-6,200.00000298E-3,,,,,155.60000611E-6,-248.00001085E-3,
,,,155.80000763E-6,0.0,,,,,155.80000763E-6,-224.00000691E-3,
,,,156.00000916E-6,400.00000596E-3,,,,,156.00000916E-6,-224.00000691E-3,
,,,156.19999613E-6,400.00000596E-3,,,,,156.19999613E-6,-216.00000560E-3,
,,,156.39999765E-6,400.00000596E-3,,,,,156.39999765E-6,-224.00000691E-3,
,,,156.59999917E-6,0.0,,,,,156.59999917E-6,-232.00000823E-3,
,,,156.80000070E-6,400.00000596E-3,,,,,156.80000070E-6,-208.00000429E-3,
,,,157.00000222E-6,200.00000298E-3,,,,,157.00000222E-6,-224.00000691E-3,
,,,157.20000374E-6,200.00000298E-3,,,,,157.20000374E-6,-232.00000823E-3,
,,,157.40000526E-6,-200.00000298E-3,,,,,157.40000526E-6,-240.00000954E-3,
,,,157.60000679E-6,0.0,,,,,157.60000679E-6,-224.00000691E-3,
,,,157.80000831E-6,-200.00000298E-3,,,,,157.80000831E-6,-224.00000691E-3,
,,,158.00000983E-6,-200.00000298E-3,,,,,158.00000983E-6,-208.00000429E-3,
,,,158.19999680E-6,200.00000298E-3,,,,,158.19999680E-6,-216.00000560E-3,
,,,158.39999833E-6,0.0,,,,,158.39999833E-6,-224.00000691E-3,
,,,158.59999985E-6,-200.00000298E-3,,,,,158.59999985E-6,-232.00000823E-3,
,,,158.80000137E-6,0.0,,,,,158.80000137E-6,-232.00000823E-3,
,,,159.00000290E-6,0.0,,,,,159.00000290E-6,-232.00000823E-3,
,,,159.20000442E-6,-200.00000298E-3,,,,,159.20000442E-6,-216.00000560E-3,
,,,159.40000594E-6,0.0,,,,,159.40000594E-6,-240.00000954E-3,
,,,159.60000746E-6,200.00000298E-3,,,,,159.60000746E-6,-224.00000691E-3,
,,,159.80000899E-6,200.00000298E-3,,,,,159.80000899E-6,-232.00000823E-3,
,,,159.99999596E-6,200.00000298E-3,,,,,159.99999596E-6,-232.00000823E-3,
,,,160.19999748E-6,200.00000298E-3,,,,,160.19999748E-6,-232.00000823E-3,
,,,160.39999900E-6,200.00000298E-3,,,,,160.39999900E-6,-232.00000823E-3,
,,,160.60000053E-6,-200.00000298E-3,,,,,160.60000053E-6,-240.00000954E-3,
,,,160.80000205E-6,200.00000298E-3,,,,,160.80000205E-6,-232.00000823E-3,
,,,161.00000357E-6,200.00000298E-3,,,,,161.00000357E-6,-208.00000429E-3,
,,,161.20000510E-6,200.00000298E-3,,,,,161.20000510E-6,-232.00000823E-3,
,,,161.40000662E-6,400.00000596E-3,,,,,161.40000662E-6,-216.00000560E-3,
,,,161.60000814E-6,200.00000298E-3,,,,,161.60000814E-6,-216.00000560E-3,
,,,161.80000966E-6,200.00000298E-3,,,,,161.80000966E-6,-224.00000691E-3,
,,,161.99999664E-6,-200.00000298E-3,,,,,161.99999664E-6,-224.00000691E-3,
,,,162.19999816E-6,-200.00000298E-3,,,,,162.19999816E-6,-232.00000823E-3,
,,,162.39999968E-6,-200.00000298E-3,,,,,162.39999968E-6,-224.00000691E-3,
,,,162.60000120E-6,-200.00000298E-3,,,,,162.60000120E-6,-224.00000691E-3,
,,,162.80000273E-6,0.0,,,,,162.80000273E-6,-232.00000823E-3,
,,,163.00000425E-6,400.00000596E-3,,,,,163.00000425E-6,-232.00000823E-3,
,,,163.20000577E-6,0.0,,,,,163.20000577E-6,-232.00000823E-3,
,,,163.40000730E-6,0.0,,,,,163.40000730E-6,-240.00000954E-3,
,,,163.60000882E-6,200.00000298E-3,,,,,163.60000882E-6,-216.00000560E-3,
,,,163.79999579E-6,200.00000298E-3,,,,,163.79999579E-6,-224.00000691E-3,
,,,163.99999731E-6,-200.00000298E-3,,,,,163.99999731E-6,-248.00001085E-3,
,,,164.19999884E-6,0.0,,,,,164.19999884E-6,-224.00000691E-3,
,,,164.40000036E-6,400.00000596E-3,,,,,164.40000036E-6,-232.00000823E-3,
,,,164.60000188E-6,200.00000298E-3,,,,,164.60000188E-6,-240.00000954E-3,
,,,164.80000340E-6,200.00000298E-3,,,,,164.80000340E-6,-224.00000691E-3,
,,,165.00000493E-6,200.00000298E-3,,,,,165.00000493E-6,-224.00000691E-3,
,,,165.20000645E-6,200.00000298E-3,,,,,165.20000645E-6,-224.00000691E-3,
,,,165.40000797E-6,0.0,,,,,165.40000797E-6,-240.00000954E-3,
,,,165.60000950E-6,200.00000298E-3,,,,,165.60000950E-6,-248.00001085E-3,
,,,165.79999647E-6,-200.00000298E-3,,,,,165.79999647E-6,-224.00000691E-3,
,,,165.99999799E-6,200.00000298E-3,,,,,165.99999799E-6,-232.00000823E-3,
,,,166.19999951E-6,200.00000298E-3,,,,,166.19999951E-6,-224.00000691E-3,
,,,166.40000104E-6,200.00000298E-3,,,,,166.40000104E-6,-224.00000691E-3,
,,,166.60000256E-6,-200.00000298E-3,,,,,166.60000256E-6,-224.00000691E-3,
,,,166.80000408E-6,0.0,,,,,166.80000408E-6,-216.00000560E-3,
,,,167.00000560E-6,0.0,,,,,167.00000560E-6,-240.00000954E-3,
,,,167.20000713E-6,0.0,,,,,167.20000713E-6,-232.00000823E-3,
,,,167.40000865E-6,-400.00000596E-3,,,,,167.40000865E-6,-224.00000691E-3,
,,,167.60001017E-6,-200.00000298E-3,,,,,167.60001017E-6,-224.00000691E-3,
,,,167.79999714E-6,-400.00000596E-3,,,,,167.79999714E-6,-224.00000691E-3,
,,,167.99999867E-6,0.0,,,,,167.99999867E-6,-224.00000691E-3,
,,,168.20000019E-6,-200.00000298E-3,,,,,168.20000019E-6,-216.00000560E-3,
,,,168.40000171E-6,0.0,,,,,168.40000171E-6,-224.00000691E-3,
,,,168.60000324E-6,-400.00000596E-3,,,,,168.60000324E-6,-216.00000560E-3,
,,,168.80000476E-6,0.0,,,,,168.80000476E-6,-232.00000823E-3,
,,,169.00000628E-6,-200.00000298E-3,,,,,169.00000628E-6,-232.00000823E-3,
,,,169.20000780E-6,-200.00000298E-3,,,,,169.20000780E-6,-224.00000691E-3,
,,,169.40000933E-6,400.00000596E-3,,,,,169.40000933E-6,-232.00000823E-3,
,,,169.59999630E-6,200.00000298E-3,,,,,169.59999630E-6,-248.00001085E-3,
,,,169.79999782E-6,200.00000298E-3,,,,,169.79999782E-6,-232.00000823E-3,
,,,169.99999934E-6,200.00000298E-3,,,,,169.99999934E-6,-232.00000823E-3,
,,,170.20000087E-6,400.00000596E-3,,,,,170.20000087E-6,-232.00000823E-3,
,,,170.40000239E-6,400.00000596E-3,,,,,170.40000239E-6,-232.00000823E-3,
,,,170.60000391E-6,200.00000298E-3,,,,,170.60000391E-6,-232.00000823E-3,
,,,170.80000544E-6,200.00000298E-3,,,,,170.80000544E-6,-216.00000560E-3,
,,,171.00000696E-6,200.00000298E-3,,,,,171.00000696E-6,-232.00000823E-3,
,,,171.20000848E-6,200.00000298E-3,,,,,171.20000848E-6,-216.00000560E-3,
,,,171.40001000E-6,0.0,,,,,171.40001000E-6,-208.00000429E-3,
,,,171.59999697E-6,0.0,,,,,171.59999697E-6,-224.00000691E-3,
,,,171.79999850E-6,200.00000298E-3,,,,,171.79999850E-6,-224.00000691E-3,
,,,172.00000002E-6,0.0,,,,,172.00000002E-6,-224.00000691E-3,
,,,172.20000154E-6,0.0,,,,,172.20000154E-6,-224.00000691E-3,
,,,172.40000307E-6,200.00000298E-3,,,,,172.40000307E-6,-232.00000823E-3,
,,,172.60000459E-6,200.00000298E-3,,,,,172.60000459E-6,-224.00000691E-3,
,,,172.80000611E-6,0.0,,,,,172.80000611E-6,-216.00000560E-3,
,,,173.00000763E-6,200.00000298E-3,,,,,173.00000763E-6,-232.00000823E-3,
,,,173.20000916E-6,200.00000298E-3,,,,,173.20000916E-6,-248.00001085E-3,
,,,173.39999613E-6,0.0,,,,,173.39999613E-6,-208.00000429E-3,
,,,173.59999765E-6,200.00000298E-3,,,,,173.59999765E-6,-240.00000954E-3,
,,,173.79999917E-6,0.0,,,,,173.79999917E-6,-256.00001216E-3,
,,,174.00000070E-6,200.00000298E-3,,,,,174.00000070E-6,-216.00000560E-3,
,,,174.20000222E-6,0.0,,,,,174.20000222E-6,-232.00000823E-3,
,,,174.40000374E-6,400.00000596E-3,,,,,174.40000374E-6,-224.00000691E-3,
,,,174.60000527E-6,200.00000298E-3,,,,,174.60000527E-6,-232.00000823E-3,
,,,174.80000679E-6,200.00000298E-3,,,,,174.80000679E-6,-232.00000823E-3,
,,,175.00000831E-6,0.0,,,,,175.00000831E-6,-232.00000823E-3,
,,,175.20000983E-6,200.00000298E-3,,,,,175.20000983E-6,-240.00000954E-3,
,,,175.39999681E-6,200.00000298E-3,,,,,175.39999681E-6,-232.00000823E-3,
,,,175.59999833E-6,0.0,,,,,175.59999833E-6,-232.00000823E-3,
,,,175.79999985E-6,200.00000298E-3,,,,,175.79999985E-6,-232.00000823E-3,
,,,176.00000137E-6,0.0,,,,,176.00000137E-6,-224.00000691E-3,
,,,176.20000290E-6,200.00000298E-3,,,,,176.20000290E-6,-216.00000560E-3,
,,,176.40000442E-6,0.0,,,,,176.40000442E-6,-224.00000691E-3,
,,,176.60000594E-6,400.00000596E-3,,,,,176.60000594E-6,-216.00000560E-3,
,,,176.80000747E-6,400.00000596E-3,,,,,176.80000747E-6,-224.00000691E-3,
,,,177.00000899E-6,-400.00000596E-3,,,,,177.00000899E-6,-224.00000691E-3,
,,,177.19999596E-6,-600.000023842E-3,,,,,177.19999596E-6,-240.00000954E-3,
,,,177.39999748E-6,0.0,,,,,177.39999748E-6,-216.00000560E-3,
,,,177.59999901E-6,0.0,,,,,177.59999901E-6,-224.00000691E-3,
,,,177.80000053E-6,-200.00000298E-3,,,,,177.80000053E-6,-216.00000560E-3,
,,,178.00000205E-6,0.0,,,,,178.00000205E-6,-216.00000560E-3,
,,,178.20000357E-6,-200.00000298E-3,,,,,178.20000357E-6,-208.00000429E-3,
,,,178.40000510E-6,-200.00000298E-3,,,,,178.40000510E-6,-224.00000691E-3,
,,,178.60000662E-6,-200.00000298E-3,,,,,178.60000662E-6,-232.00000823E-3,
,,,178.80000814E-6,-200.00000298E-3,,,,,178.80000814E-6,-232.00000823E-3,
,,,179.00000967E-6,0.0,,,,,179.00000967E-6,-224.00000691E-3,
,,,179.19999664E-6,200.00000298E-3,,,,,179.19999664E-6,-224.00000691E-3,
,,,179.39999816E-6,200.00000298E-3,,,,,179.39999816E-6,-216.00000560E-3,
,,,179.59999968E-6,-200.00000298E-3,,,,,179.59999968E-6,-224.00000691E-3,
,,,179.80000121E-6,0.0,,,,,179.80000121E-6,-232.00000823E-3,
,,,180.00000273E-6,0.0,,,,,180.00000273E-6,-240.00000954E-3,
,,,180.20000425E-6,0.0,,,,,180.20000425E-6,-248.00001085E-3,
,,,180.40000577E-6,200.00000298E-3,,,,,180.40000577E-6,-240.00000954E-3,
,,,180.60000730E-6,200.00000298E-3,,,,,180.60000730E-6,-224.00000691E-3,
,,,180.80000882E-6,0.0,,,,,180.80000882E-6,-232.00000823E-3,
,,,181.00001034E-6,200.00000298E-3,,,,,181.00001034E-6,-224.00000691E-3,
,,,181.19999731E-6,0.0,,,,,181.19999731E-6,-216.00000560E-3,
,,,181.39999884E-6,200.00000298E-3,,,,,181.39999884E-6,-208.00000429E-3,
,,,181.60000036E-6,0.0,,,,,181.60000036E-6,-216.00000560E-3,
,,,181.80000188E-6,-200.00000298E-3,,,,,181.80000188E-6,-216.00000560E-3,
,,,182.00000341E-6,-400.00000596E-3,,,,,182.00000341E-6,-224.00000691E-3,
,,,182.20000493E-6,-400.00000596E-3,,,,,182.20000493E-6,-232.00000823E-3,
,,,182.40000645E-6,-400.00000596E-3,,,,,182.40000645E-6,-216.00000560E-3,
,,,182.60000797E-6,-200.00000298E-3,,,,,182.60000797E-6,-224.00000691E-3,
,,,182.80000950E-6,400.00000596E-3,,,,,182.80000950E-6,-224.00000691E-3,
,,,182.99999647E-6,0.0,,,,,182.99999647E-6,-224.00000691E-3,
,,,183.19999799E-6,-200.00000298E-3,,,,,183.19999799E-6,-224.00000691E-3,
,,,183.39999951E-6,0.0,,,,,183.39999951E-6,-216.00000560E-3,
,,,183.60000104E-6,200.00000298E-3,,,,,183.60000104E-6,-232.00000823E-3,
,,,183.80000256E-6,-200.00000298E-3,,,,,183.80000256E-6,-248.00001085E-3,
,,,184.00000408E-6,200.00000298E-3,,,,,184.00000408E-6,-224.00000691E-3,
,,,184.20000561E-6,0.0,,,,,184.20000561E-6,-240.00000954E-3,
,,,184.40000713E-6,400.00000596E-3,,,,,184.40000713E-6,-232.00000823E-3,
,,,184.60000865E-6,200.00000298E-3,,,,,184.60000865E-6,-224.00000691E-3,
,,,184.80001017E-6,-200.00000298E-3,,,,,184.80001017E-6,-232.00000823E-3,
,,,184.99999715E-6,200.00000298E-3,,,,,184.99999715E-6,-224.00000691E-3,
,,,185.19999867E-6,0.0,,,,,185.19999867E-6,-232.00000823E-3,
,,,185.40000019E-6,-200.00000298E-3,,,,,185.40000019E-6,-240.00000954E-3,
,,,185.60000171E-6,-200.00000298E-3,,,,,185.60000171E-6,-224.00000691E-3,
,,,185.80000324E-6,200.00000298E-3,,,,,185.80000324E-6,-224.00000691E-3,
,,,186.00000476E-6,200.00000298E-3,,,,,186.00000476E-6,-216.00000560E-3,
,,,186.20000628E-6,200.00000298E-3,,,,,186.20000628E-6,-216.00000560E-3,
,,,186.40000781E-6,-200.00000298E-3,,,,,186.40000781E-6,-216.00000560E-3,
,,,186.60000933E-6,0.0,,,,,186.60000933E-6,-208.00000429E-3,
,,,186.79999630E-6,200.00000298E-3,,,,,186.79999630E-6,-240.00000954E-3,
,,,186.99999782E-6,0.0,,,,,186.99999782E-6,-232.00000823E-3,
,,,187.19999935E-6,-400.00000596E-3,,,,,187.19999935E-6,-216.00000560E-3,
,,,187.40000087E-6,-400.00000596E-3,,,,,187.40000087E-6,-216.00000560E-3,
,,,187.60000239E-6,-200.00000298E-3,,,,,187.60000239E-6,-232.00000823E-3,
,,,187.80000391E-6,0.0,,,,,187.80000391E-6,-208.00000429E-3,
,,,188.00000544E-6,-400.00000596E-3,,,,,188.00000544E-6,-224.00000691E-3,
,,,188.20000696E-6,-200.00000298E-3,,,,,188.20000696E-6,-216.00000560E-3,
,,,188.40000848E-6,-600.000023842E-3,,,,,188.40000848E-6,-224.00000691E-3,
,,,188.60001001E-6,0.0,,,,,188.60001001E-6,-232.00000823E-3,
,,,188.79999698E-6,-400.00000596E-3,,,,,188.79999698E-6,-232.00000823E-3,
,,,188.99999850E-6,0.0,,,,,188.99999850E-6,-224.00000691E-3,
,,,189.20000002E-6,400.00000596E-3,,,,,189.20000002E-6,-240.00000954E-3,
,,,189.40000155E-6,200.00000298E-3,,,,,189.40000155E-6,-232.00000823E-3,
,,,189.60000307E-6,200.00000298E-3,,,,,189.60000307E-6,-232.00000823E-3,
,,,189.80000459E-6,200.00000298E-3,,,,,189.80000459E-6,-232.00000823E-3,
,,,190.00000611E-6,200.00000298E-3,,,,,190.00000611E-6,-240.00000954E-3,
,,,190.20000764E-6,200.00000298E-3,,,,,190.20000764E-6,-240.00000954E-3,
,,,190.40000916E-6,200.00000298E-3,,,,,190.40000916E-6,-232.00000823E-3,
,,,190.59999613E-6,0.0,,,,,190.59999613E-6,-208.00000429E-3,
,,,190.79999765E-6,200.00000298E-3,,,,,190.79999765E-6,-224.00000691E-3,
,,,190.99999918E-6,400.00000596E-3,,,,,190.99999918E-6,-224.00000691E-3,
,,,191.20000070E-6,200.00000298E-3,,,,,191.20000070E-6,-216.00000560E-3,
,,,191.40000222E-6,0.0,,,,,191.40000222E-6,-216.00000560E-3,
,,,191.60000375E-6,200.00000298E-3,,,,,191.60000375E-6,-232.00000823E-3,
,,,191.80000527E-6,0.0,,,,,191.80000527E-6,-224.00000691E-3,
,,,192.00000679E-6,-200.00000298E-3,,,,,192.00000679E-6,-232.00000823E-3,
,,,192.20000831E-6,0.0,,,,,192.20000831E-6,-232.00000823E-3,
,,,192.40000984E-6,200.00000298E-3,,,,,192.40000984E-6,-216.00000560E-3,
,,,192.59999681E-6,200.00000298E-3,,,,,192.59999681E-6,-224.00000691E-3,
,,,192.79999833E-6,200.00000298E-3,,,,,192.79999833E-6,-224.00000691E-3,
,,,192.99999985E-6,-200.00000298E-3,,,,,192.99999985E-6,-240.00000954E-3,
,,,193.20000138E-6,200.00000298E-3,,,,,193.20000138E-6,-216.00000560E-3,
,,,193.40000290E-6,200.00000298E-3,,,,,193.40000290E-6,-232.00000823E-3,
,,,193.60000442E-6,200.00000298E-3,,,,,193.60000442E-6,-232.00000823E-3,
,,,193.80000595E-6,400.00000596E-3,,,,,193.80000595E-6,-216.00000560E-3,
,,,194.00000747E-6,0.0,,,,,194.00000747E-6,-232.00000823E-3,
,,,194.20000899E-6,400.00000596E-3,,,,,194.20000899E-6,-224.00000691E-3,
,,,194.40001051E-6,600.000023842E-3,,,,,194.40001051E-6,-232.00000823E-3,
,,,194.59999749E-6,200.00000298E-3,,,,,194.59999749E-6,-224.00000691E-3,
,,,194.79999901E-6,200.00000298E-3,,,,,194.79999901E-6,-232.00000823E-3,
,,,195.00000053E-6,600.000023842E-3,,,,,195.00000053E-6,-240.00000954E-3,
,,,195.20000205E-6,400.00000596E-3,,,,,195.20000205E-6,-232.00000823E-3,
,,,195.40000358E-6,0.0,,,,,195.40000358E-6,-216.00000560E-3,
,,,195.60000510E-6,200.00000298E-3,,,,,195.60000510E-6,-216.00000560E-3,
,,,195.80000662E-6,400.00000596E-3,,,,,195.80000662E-6,-232.00000823E-3,
,,,196.00000815E-6,400.00000596E-3,,,,,196.00000815E-6,-224.00000691E-3,
,,,196.20000967E-6,-200.00000298E-3,,,,,196.20000967E-6,-208.00000429E-3,
,,,196.39999664E-6,0.0,,,,,196.39999664E-6,-224.00000691E-3,
,,,196.59999816E-6,200.00000298E-3,,,,,196.59999816E-6,-208.00000429E-3,
,,,196.79999969E-6,0.0,,,,,196.79999969E-6,-224.00000691E-3,
,,,197.00000121E-6,-400.00000596E-3,,,,,197.00000121E-6,-232.00000823E-3,
,,,197.20000273E-6,200.00000298E-3,,,,,197.20000273E-6,-216.00000560E-3,
,,,197.40000425E-6,0.0,,,,,197.40000425E-6,-224.00000691E-3,
,,,197.60000578E-6,0.0,,,,,197.60000578E-6,-224.00000691E-3,
,,,197.80000730E-6,0.0,,,,,197.80000730E-6,-216.00000560E-3,
,,,198.00000882E-6,0.0,,,,,198.00000882E-6,-208.00000429E-3,
,,,198.20001035E-6,-200.00000298E-3,,,,,198.20001035E-6,-240.00000954E-3,
,,,198.39999732E-6,-400.00000596E-3,,,,,198.39999732E-6,-240.00000954E-3,
,,,198.59999884E-6,-200.00000298E-3,,,,,198.59999884E-6,-224.00000691E-3,
,,,198.80000036E-6,-200.00000298E-3,,,,,198.80000036E-6,-216.00000560E-3,
,,,199.00000188E-6,0.0,,,,,199.00000188E-6,-224.00000691E-3,
,,,199.20000341E-6,0.0,,,,,199.20000341E-6,-208.00000429E-3,
,,,199.40000493E-6,0.0,,,,,199.40000493E-6,-216.00000560E-3,
,,,199.60000645E-6,200.00000298E-3,,,,,199.60000645E-6,-232.00000823E-3,
,,,199.80000798E-6,0.0,,,,,199.80000798E-6,-216.00000560E-3,
,,,200.00000950E-6,200.00000298E-3,,,,,200.00000950E-6,-240.00000954E-3,
,,,200.19999647E-6,-200.00000298E-3,,,,,200.19999647E-6,-232.00000823E-3,
,,,200.39999799E-6,0.0,,,,,200.39999799E-6,-208.00000429E-3,
,,,200.59999952E-6,0.0,,,,,200.59999952E-6,-216.00000560E-3,
,,,200.80000104E-6,0.0,,,,,200.80000104E-6,-224.00000691E-3,
,,,201.00000256E-6,200.00000298E-3,,,,,201.00000256E-6,-216.00000560E-3,
,,,201.20000408E-6,-200.00000298E-3,,,,,201.20000408E-6,-216.00000560E-3,
,,,201.40000561E-6,400.00000596E-3,,,,,201.40000561E-6,-232.00000823E-3,
,,,201.60000713E-6,0.0,,,,,201.60000713E-6,-232.00000823E-3,
,,,201.80000865E-6,-200.00000298E-3,,,,,201.80000865E-6,-216.00000560E-3,
,,,202.00001018E-6,0.0,,,,,202.00001018E-6,-232.00000823E-3,
,,,202.19999715E-6,-200.00000298E-3,,,,,202.19999715E-6,-232.00000823E-3,
,,,202.39999867E-6,200.00000298E-3,,,,,202.39999867E-6,-232.00000823E-3,
,,,202.60000019E-6,200.00000298E-3,,,,,202.60000019E-6,-224.00000691E-3,
,,,202.80000172E-6,200.00000298E-3,,,,,202.80000172E-6,-224.00000691E-3,
,,,203.00000324E-6,0.0,,,,,203.00000324E-6,-232.00000823E-3,
,,,203.20000476E-6,200.00000298E-3,,,,,203.20000476E-6,-224.00000691E-3,
,,,203.40000628E-6,200.00000298E-3,,,,,203.40000628E-6,-216.00000560E-3,
,,,203.60000781E-6,0.0,,,,,203.60000781E-6,-240.00000954E-3,
,,,203.80000933E-6,0.0,,,,,203.80000933E-6,-224.00000691E-3,
,,,203.99999630E-6,0.0,,,,,203.99999630E-6,-232.00000823E-3,
,,,204.19999782E-6,400.00000596E-3,,,,,204.19999782E-6,-240.00000954E-3,
,,,204.39999935E-6,-200.00000298E-3,,,,,204.39999935E-6,-232.00000823E-3,
,,,204.60000087E-6,0.0,,,,,204.60000087E-6,-232.00000823E-3,
,,,204.80000239E-6,400.00000596E-3,,,,,204.80000239E-6,-224.00000691E-3,
,,,205.00000392E-6,-200.00000298E-3,,,,,205.00000392E-6,-248.00001085E-3,
,,,205.20000544E-6,200.00000298E-3,,,,,205.20000544E-6,-224.00000691E-3,
,,,205.40000696E-6,-200.00000298E-3,,,,,205.40000696E-6,-216.00000560E-3,
,,,205.60000848E-6,200.00000298E-3,,,,,205.60000848E-6,-224.00000691E-3,
,,,205.80001001E-6,400.00000596E-3,,,,,205.80001001E-6,-224.00000691E-3,
,,,205.99999698E-6,400.00000596E-3,,,,,205.99999698E-6,-224.00000691E-3,
,,,206.19999850E-6,0.0,,,,,206.19999850E-6,-216.00000560E-3,
,,,206.40000002E-6,200.00000298E-3,,,,,206.40000002E-6,-216.00000560E-3,
,,,206.60000155E-6,0.0,,,,,206.60000155E-6,-240.00000954E-3,
,,,206.80000307E-6,400.00000596E-3,,,,,206.80000307E-6,-232.00000823E-3,
,,,207.00000459E-6,-400.00000596E-3,,,,,207.00000459E-6,-208.00000429E-3,
,,,207.20000612E-6,-200.00000298E-3,,,,,207.20000612E-6,-216.00000560E-3,
,,,207.40000764E-6,0.0,,,,,207.40000764E-6,-224.00000691E-3,
,,,207.60000916E-6,0.0,,,,,207.60000916E-6,-224.00000691E-3,
,,,207.80001068E-6,-400.00000596E-3,,,,,207.80001068E-6,-224.00000691E-3,
,,,207.99999766E-6,0.0,,,,,207.99999766E-6,-240.00000954E-3,
,,,208.19999918E-6,-200.00000298E-3,,,,,208.19999918E-6,-216.00000560E-3,
,,,208.40000070E-6,0.0,,,,,208.40000070E-6,-216.00000560E-3,
,,,208.60000222E-6,-200.00000298E-3,,,,,208.60000222E-6,-240.00000954E-3,
,,,208.80000375E-6,0.0,,,,,208.80000375E-6,-216.00000560E-3,
,,,209.00000527E-6,200.00000298E-3,,,,,209.00000527E-6,-216.00000560E-3,
,,,209.20000679E-6,400.00000596E-3,,,,,209.20000679E-6,-240.00000954E-3,
,,,209.40000832E-6,200.00000298E-3,,,,,209.40000832E-6,-224.00000691E-3,
,,,209.60000984E-6,400.00000596E-3,,,,,209.60000984E-6,-224.00000691E-3,
,,,209.79999681E-6,0.0,,,,,209.79999681E-6,-240.00000954E-3,
,,,209.99999833E-6,200.00000298E-3,,,,,209.99999833E-6,-248.00001085E-3,
,,,210.19999986E-6,0.0,,,,,210.19999986E-6,-240.00000954E-3,
,,,210.40000138E-6,200.00000298E-3,,,,,210.40000138E-6,-208.00000429E-3,
,,,210.60000290E-6,400.00000596E-3,,,,,210.60000290E-6,-232.00000823E-3,
,,,210.80000442E-6,200.00000298E-3,,,,,210.80000442E-6,-216.00000560E-3,
,,,211.00000595E-6,200.00000298E-3,,,,,211.00000595E-6,-208.00000429E-3,
,,,211.20000747E-6,0.0,,,,,211.20000747E-6,-216.00000560E-3,
,,,211.40000899E-6,400.00000596E-3,,,,,211.40000899E-6,-216.00000560E-3,
,,,211.60001052E-6,0.0,,,,,211.60001052E-6,-224.00000691E-3,
,,,211.79999749E-6,0.0,,,,,211.79999749E-6,-232.00000823E-3,
,,,211.99999901E-6,200.00000298E-3,,,,,211.99999901E-6,-224.00000691E-3,
,,,212.20000053E-6,0.0,,,,,212.20000053E-6,-224.00000691E-3,
,,,212.40000206E-6,400.00000596E-3,,,,,212.40000206E-6,-208.00000429E-3,
,,,212.60000358E-6,200.00000298E-3,,,,,212.60000358E-6,-224.00000691E-3,
,,,212.80000510E-6,0.0,,,,,212.80000510E-6,-240.00000954E-3,
,,,213.00000662E-6,0.0,,,,,213.00000662E-6,-208.00000429E-3,
,,,213.20000815E-6,0.0,,,,,213.20000815E-6,-232.00000823E-3,
,,,213.40000967E-6,-200.00000298E-3,,,,,213.40000967E-6,-240.00000954E-3,
,,,213.59999664E-6,400.00000596E-3,,,,,213.59999664E-6,-216.00000560E-3,
,,,213.79999816E-6,0.0,,,,,213.79999816E-6,-240.00000954E-3,
,,,213.99999969E-6,400.00000596E-3,,,,,213.99999969E-6,-232.00000823E-3,
,,,214.20000121E-6,200.00000298E-3,,,,,214.20000121E-6,-240.00000954E-3,
,,,214.40000273E-6,200.00000298E-3,,,,,214.40000273E-6,-216.00000560E-3,
,,,214.60000426E-6,200.00000298E-3,,,,,214.60000426E-6,-224.00000691E-3,
,,,214.80000578E-6,400.00000596E-3,,,,,214.80000578E-6,-232.00000823E-3,
,,,215.00000730E-6,400.00000596E-3,,,,,215.00000730E-6,-240.00000954E-3,
,,,215.20000882E-6,-200.00000298E-3,,,,,215.20000882E-6,-216.00000560E-3,
,,,215.40001035E-6,400.00000596E-3,,,,,215.40001035E-6,-224.00000691E-3,
,,,215.59999732E-6,400.00000596E-3,,,,,215.59999732E-6,-224.00000691E-3,
,,,215.79999884E-6,200.00000298E-3,,,,,215.79999884E-6,-232.00000823E-3,
,,,216.00000036E-6,0.0,,,,,216.00000036E-6,-216.00000560E-3,
,,,216.20000189E-6,400.00000596E-3,,,,,216.20000189E-6,-216.00000560E-3,
,,,216.40000341E-6,400.00000596E-3,,,,,216.40000341E-6,-224.00000691E-3,
,,,216.60000493E-6,0.0,,,,,216.60000493E-6,-232.00000823E-3,
,,,216.80000646E-6,-200.00000298E-3,,,,,216.80000646E-6,-232.00000823E-3,
,,,217.00000798E-6,0.0,,,,,217.00000798E-6,-216.00000560E-3,
,,,217.20000950E-6,200.00000298E-3,,,,,217.20000950E-6,-216.00000560E-3,
,,,217.39999647E-6,0.0,,,,,217.39999647E-6,-224.00000691E-3,
,,,217.59999800E-6,200.00000298E-3,,,,,217.59999800E-6,-224.00000691E-3,
,,,217.79999952E-6,0.0,,,,,217.79999952E-6,-208.00000429E-3,
,,,218.00000104E-6,-200.00000298E-3,,,,,218.00000104E-6,-224.00000691E-3,
,,,218.20000256E-6,0.0,,,,,218.20000256E-6,-232.00000823E-3,
,,,218.40000409E-6,0.0,,,,,218.40000409E-6,-232.00000823E-3,
,,,218.60000561E-6,200.00000298E-3,,,,,218.60000561E-6,-208.00000429E-3,
,,,218.80000713E-6,200.00000298E-3,,,,,218.80000713E-6,-224.00000691E-3,
,,,219.00000866E-6,200.00000298E-3,,,,,219.00000866E-6,-224.00000691E-3,
,,,219.20001018E-6,0.0,,,,,219.20001018E-6,-224.00000691E-3,
,,,219.39999715E-6,600.000023842E-3,,,,,219.39999715E-6,-216.00000560E-3,
,,,219.59999867E-6,400.00000596E-3,,,,,219.59999867E-6,-224.00000691E-3,
,,,219.80000020E-6,0.0,,,,,219.80000020E-6,-216.00000560E-3,
,,,220.00000172E-6,200.00000298E-3,,,,,220.00000172E-6,-232.00000823E-3,
,,,220.20000324E-6,-200.00000298E-3,,,,,220.20000324E-6,-208.00000429E-3,
,,,220.40000476E-6,400.00000596E-3,,,,,220.40000476E-6,-216.00000560E-3,
,,,220.60000629E-6,200.00000298E-3,,,,,220.60000629E-6,-216.00000560E-3,
,,,220.80000781E-6,200.00000298E-3,,,,,220.80000781E-6,-216.00000560E-3,
,,,221.00000933E-6,200.00000298E-3,,,,,221.00000933E-6,-216.00000560E-3,
,,,221.20001086E-6,0.0,,,,,221.20001086E-6,-216.00000560E-3,
,,,221.39999783E-6,0.0,,,,,221.39999783E-6,-208.00000429E-3,
,,,221.59999935E-6,0.0,,,,,221.59999935E-6,-224.00000691E-3,
,,,221.80000087E-6,0.0,,,,,221.80000087E-6,-232.00000823E-3,
,,,222.00000240E-6,0.0,,,,,222.00000240E-6,-216.00000560E-3,
,,,222.20000392E-6,0.0,,,,,222.20000392E-6,-208.00000429E-3,
,,,222.40000544E-6,400.00000596E-3,,,,,222.40000544E-6,-216.00000560E-3,
,,,222.60000696E-6,0.0,,,,,222.60000696E-6,-208.00000429E-3,
,,,222.80000849E-6,-200.00000298E-3,,,,,222.80000849E-6,-208.00000429E-3,
,,,223.00001001E-6,200.00000298E-3,,,,,223.00001001E-6,-216.00000560E-3,
,,,223.19999698E-6,200.00000298E-3,,,,,223.19999698E-6,-224.00000691E-3,
,,,223.39999850E-6,0.0,,,,,223.39999850E-6,-232.00000823E-3,
,,,223.60000003E-6,200.00000298E-3,,,,,223.60000003E-6,-224.00000691E-3,
,,,223.80000155E-6,0.0,,,,,223.80000155E-6,-240.00000954E-3,
,,,224.00000307E-6,600.000023842E-3,,,,,224.00000307E-6,-232.00000823E-3,
,,,224.20000460E-6,200.00000298E-3,,,,,224.20000460E-6,-232.00000823E-3,
,,,224.40000612E-6,-200.00000298E-3,,,,,224.40000612E-6,-232.00000823E-3,
,,,224.60000764E-6,200.00000298E-3,,,,,224.60000764E-6,-208.00000429E-3,
,,,224.80000916E-6,0.0,,,,,224.80000916E-6,-224.00000691E-3,
,,,225.00001069E-6,-200.00000298E-3,,,,,225.00001069E-6,-240.00000954E-3,
,,,225.19999766E-6,-200.00000298E-3,,,,,225.19999766E-6,-216.00000560E-3,
,,,225.39999918E-6,400.00000596E-3,,,,,225.39999918E-6,-224.00000691E-3,
,,,225.60000070E-6,400.00000596E-3,,,,,225.60000070E-6,-216.00000560E-3,
,,,225.80000223E-6,200.00000298E-3,,,,,225.80000223E-6,-216.00000560E-3,
,,,226.00000375E-6,0.0,,,,,226.00000375E-6,-216.00000560E-3,
,,,226.20000527E-6,-200.00000298E-3,,,,,226.20000527E-6,-208.00000429E-3,
,,,226.40000680E-6,200.00000298E-3,,,,,226.40000680E-6,-248.00001085E-3,
,,,226.60000832E-6,200.00000298E-3,,,,,226.60000832E-6,-224.00000691E-3,
,,,226.80000984E-6,-200.00000298E-3,,,,,226.80000984E-6,-208.00000429E-3,
,,,226.99999681E-6,-200.00000298E-3,,,,,226.99999681E-6,-208.00000429E-3,
,,,227.19999833E-6,-200.00000298E-3,,,,,227.19999833E-6,-216.00000560E-3,
,,,227.39999986E-6,0.0,,,,,227.39999986E-6,-216.00000560E-3,
,,,227.60000138E-6,-400.00000596E-3,,,,,227.60000138E-6,-224.00000691E-3,
,,,227.80000290E-6,0.0,,,,,227.80000290E-6,-216.00000560E-3,
,,,228.00000443E-6,-400.00000596E-3,,,,,228.00000443E-6,-208.00000429E-3,
,,,228.20000595E-6,0.0,,,,,228.20000595E-6,-224.00000691E-3,
,,,228.40000747E-6,-200.00000298E-3,,,,,228.40000747E-6,-224.00000691E-3,
,,,228.60000900E-6,0.0,,,,,228.60000900E-6,-216.00000560E-3,
,,,228.80001052E-6,400.00000596E-3,,,,,228.80001052E-6,-232.00000823E-3,
,,,228.99999749E-6,400.00000596E-3,,,,,228.99999749E-6,-232.00000823E-3,
,,,229.19999901E-6,400.00000596E-3,,,,,229.19999901E-6,-216.00000560E-3,
,,,229.40000053E-6,200.00000298E-3,,,,,229.40000053E-6,-216.00000560E-3,
,,,229.60000206E-6,200.00000298E-3,,,,,229.60000206E-6,-216.00000560E-3,
,,,229.80000358E-6,200.00000298E-3,,,,,229.80000358E-6,-224.00000691E-3,
,,,230.00000510E-6,200.00000298E-3,,,,,230.00000510E-6,-216.00000560E-3,
,,,230.20000663E-6,0.0,,,,,230.20000663E-6,-208.00000429E-3,
,,,230.40000815E-6,200.00000298E-3,,,,,230.40000815E-6,-208.00000429E-3,
,,,230.60000967E-6,200.00000298E-3,,,,,230.60000967E-6,-208.00000429E-3,
,,,230.79999664E-6,200.00000298E-3,,,,,230.79999664E-6,-208.00000429E-3,
,,,230.99999817E-6,0.0,,,,,230.99999817E-6,-208.00000429E-3,
,,,231.19999969E-6,400.00000596E-3,,,,,231.19999969E-6,-216.00000560E-3,
,,,231.40000121E-6,200.00000298E-3,,,,,231.40000121E-6,-224.00000691E-3,
,,,231.60000273E-6,200.00000298E-3,,,,,231.60000273E-6,-232.00000823E-3,
,,,231.80000426E-6,0.0,,,,,231.80000426E-6,-208.00000429E-3,
,,,232.00000578E-6,200.00000298E-3,,,,,232.00000578E-6,-208.00000429E-3,
,,,232.20000730E-6,400.00000596E-3,,,,,232.20000730E-6,-200.00000298E-3,
,,,232.40000883E-6,200.00000298E-3,,,,,232.40000883E-6,-200.00000298E-3,
,,,232.60001035E-6,0.0,,,,,232.60001035E-6,-232.00000823E-3,
,,,232.79999732E-6,0.0,,,,,232.79999732E-6,-216.00000560E-3,
,,,232.99999884E-6,0.0,,,,,232.99999884E-6,-224.00000691E-3,
,,,233.20000037E-6,0.0,,,,,233.20000037E-6,-216.00000560E-3,
,,,233.40000189E-6,200.00000298E-3,,,,,233.40000189E-6,-200.00000298E-3,
,,,233.60000341E-6,0.0,,,,,233.60000341E-6,-216.00000560E-3,
,,,233.80000493E-6,600.000023842E-3,,,,,233.80000493E-6,-216.00000560E-3,
,,,234.00000646E-6,600.000023842E-3,,,,,234.00000646E-6,-224.00000691E-3,
,,,234.20000798E-6,0.0,,,,,234.20000798E-6,-224.00000691E-3,
,,,234.40000950E-6,400.00000596E-3,,,,,234.40000950E-6,-224.00000691E-3,
,,,234.60001103E-6,600.000023842E-3,,,,,234.60001103E-6,-232.00000823E-3,
,,,234.79999800E-6,200.00000298E-3,,,,,234.79999800E-6,-224.00000691E-3,
,,,234.99999952E-6,0.0,,,,,234.99999952E-6,-208.00000429E-3,
,,,235.20000104E-6,600.000023842E-3,,,,,235.20000104E-6,-200.00000298E-3,
,,,235.40000257E-6,400.00000596E-3,,,,,235.40000257E-6,-208.00000429E-3,
,,,235.60000409E-6,0.0,,,,,235.60000409E-6,-216.00000560E-3,
,,,235.80000561E-6,0.0,,,,,235.80000561E-6,-208.00000429E-3,
,,,236.00000713E-6,200.00000298E-3,,,,,236.00000713E-6,-200.00000298E-3,
,,,236.20000866E-6,400.00000596E-3,,,,,236.20000866E-6,-208.00000429E-3,
,,,236.40001018E-6,200.00000298E-3,,,,,236.40001018E-6,-224.00000691E-3,
,,,236.59999715E-6,-400.00000596E-3,,,,,236.59999715E-6,-208.00000429E-3,
,,,236.79999867E-6,200.00000298E-3,,,,,236.79999867E-6,-208.00000429E-3,
,,,237.00000020E-6,0.0,,,,,237.00000020E-6,-208.00000429E-3,
,,,237.20000172E-6,0.0,,,,,237.20000172E-6,-208.00000429E-3,
,,,237.40000324E-6,200.00000298E-3,,,,,237.40000324E-6,-208.00000429E-3,
,,,237.60000477E-6,0.0,,,,,237.60000477E-6,-208.00000429E-3,
,,,237.80000629E-6,-200.00000298E-3,,,,,237.80000629E-6,-216.00000560E-3,
,,,238.00000781E-6,200.00000298E-3,,,,,238.00000781E-6,-240.00000954E-3,
,,,238.20000933E-6,0.0,,,,,238.20000933E-6,-216.00000560E-3,
,,,238.40001086E-6,0.0,,,,,238.40001086E-6,-208.00000429E-3,
,,,238.59999783E-6,200.00000298E-3,,,,,238.59999783E-6,-216.00000560E-3,
,,,238.79999935E-6,200.00000298E-3,,,,,238.79999935E-6,-208.00000429E-3,
,,,239.00000087E-6,200.00000298E-3,,,,,239.00000087E-6,-224.00000691E-3,
,,,239.20000240E-6,200.00000298E-3,,,,,239.20000240E-6,-224.00000691E-3,
,,,239.40000392E-6,0.0,,,,,239.40000392E-6,-208.00000429E-3,
,,,239.60000544E-6,0.0,,,,,239.60000544E-6,-216.00000560E-3,
,,,239.80000697E-6,0.0,,,,,239.80000697E-6,-224.00000691E-3,
,,,240.00000849E-6,0.0,,,,,240.00000849E-6,-216.00000560E-3,
,,,240.20001001E-6,200.00000298E-3,,,,,240.20001001E-6,-216.00000560E-3,
,,,240.39999698E-6,0.0,,,,,240.39999698E-6,-216.00000560E-3,
,,,240.59999851E-6,200.00000298E-3,,,,,240.59999851E-6,-208.00000429E-3,
,,,240.80000003E-6,0.0,,,,,240.80000003E-6,-200.00000298E-3,
,,,241.00000155E-6,0.0,,,,,241.00000155E-6,-208.00000429E-3,
,,,241.20000307E-6,-200.00000298E-3,,,,,241.20000307E-6,-224.00000691E-3,
,,,241.40000460E-6,0.0,,,,,241.40000460E-6,-216.00000560E-3,
,,,241.60000612E-6,0.0,,,,,241.60000612E-6,-216.00000560E-3,
,,,241.80000764E-6,-400.00000596E-3,,,,,241.80000764E-6,-216.00000560E-3,
,,,242.00000917E-6,0.0,,,,,242.00000917E-6,-216.00000560E-3,
,,,242.20001069E-6,400.00000596E-3,,,,,242.20001069E-6,-224.00000691E-3,
,,,242.39999766E-6,200.00000298E-3,,,,,242.39999766E-6,-208.00000429E-3,
,,,242.59999918E-6,0.0,,,,,242.59999918E-6,-224.00000691E-3,
,,,242.80000071E-6,200.00000298E-3,,,,,242.80000071E-6,-200.00000298E-3,
,,,243.00000223E-6,0.0,,,,,243.00000223E-6,-208.00000429E-3,
,,,243.20000375E-6,0.0,,,,,243.20000375E-6,-216.00000560E-3,
,,,243.40000527E-6,200.00000298E-3,,,,,243.40000527E-6,-216.00000560E-3,
,,,243.60000680E-6,0.0,,,,,243.60000680E-6,-224.00000691E-3,
,,,243.80000832E-6,800.000011921E-3,,,,,243.80000832E-6,-224.00000691E-3,
,,,244.00000984E-6,0.0,,,,,244.00000984E-6,-208.00000429E-3,
,,,244.19999681E-6,200.00000298E-3,,,,,244.19999681E-6,-216.00000560E-3,
,,,244.39999834E-6,200.00000298E-3,,,,,244.39999834E-6,-208.00000429E-3,
,,,244.59999986E-6,0.0,,,,,244.59999986E-6,-224.00000691E-3,
,,,244.80000138E-6,200.00000298E-3,,,,,244.80000138E-6,-208.00000429E-3,
,,,245.00000291E-6,0.0,,,,,245.00000291E-6,-208.00000429E-3,
,,,245.20000443E-6,400.00000596E-3,,,,,245.20000443E-6,-208.00000429E-3,
,,,245.40000595E-6,400.00000596E-3,,,,,245.40000595E-6,-208.00000429E-3,
,,,245.60000747E-6,200.00000298E-3,,,,,245.60000747E-6,-200.00000298E-3,
,,,245.80000900E-6,0.0,,,,,245.80000900E-6,-192.00000167E-3,
,,,246.00001052E-6,0.0,,,,,246.00001052E-6,-200.00000298E-3,
,,,246.20001204E-6,200.00000298E-3,,,,,246.20001204E-6,-224.00000691E-3,
,,,246.40001357E-6,200.00000298E-3,,,,,246.40001357E-6,-208.00000429E-3,
,,,246.60001509E-6,-200.00000298E-3,,,,,246.60001509E-6,-208.00000429E-3,
,,,246.80001661E-6,0.0,,,,,246.80001661E-6,-192.00000167E-3,
,,,247.00001813E-6,0.0,,,,,247.00001813E-6,-216.00000560E-3,
,,,247.19999055E-6,0.0,,,,,247.19999055E-6,-192.00000167E-3,
,,,247.39999208E-6,-200.00000298E-3,,,,,247.39999208E-6,-208.00000429E-3,
,,,247.59999360E-6,0.0,,,,,247.59999360E-6,-200.00000298E-3,
,,,247.79999512E-6,-400.00000596E-3,,,,,247.79999512E-6,-200.00000298E-3,
,,,247.99999665E-6,0.0,,,,,247.99999665E-6,-200.00000298E-3,
,,,248.19999817E-6,-200.00000298E-3,,,,,248.19999817E-6,-216.00000560E-3,
,,,248.39999969E-6,-200.00000298E-3,,,,,248.39999969E-6,-208.00000429E-3,
,,,248.60000121E-6,400.00000596E-3,,,,,248.60000121E-6,-208.00000429E-3,
,,,248.80000274E-6,400.00000596E-3,,,,,248.80000274E-6,-224.00000691E-3,
,,,249.00000426E-6,200.00000298E-3,,,,,249.00000426E-6,-200.00000298E-3,
,,,249.20000578E-6,200.00000298E-3,,,,,249.20000578E-6,-216.00000560E-3,
,,,249.40000731E-6,200.00000298E-3,,,,,249.40000731E-6,-224.00000691E-3,
,,,249.60000883E-6,400.00000596E-3,,,,,249.60000883E-6,-208.00000429E-3,
,,,249.80001035E-6,200.00000298E-3,,,,,249.80001035E-6,-216.00000560E-3,
,,,250.00001187E-6,0.0,,,,,250.00001187E-6,-200.00000298E-3,
,,,250.20001340E-6,400.00000596E-3,,,,,250.20001340E-6,-208.00000429E-3,
,,,250.40001492E-6,0.0,,,,,250.40001492E-6,-200.00000298E-3,
,,,250.60001644E-6,200.00000298E-3,,,,,250.60001644E-6,-200.00000298E-3,
,,,250.80001797E-6,0.0,,,,,250.80001797E-6,-192.00000167E-3,
,,,250.99999039E-6,400.00000596E-3,,,,,250.99999039E-6,-192.00000167E-3,
,,,251.19999191E-6,0.0,,,,,251.19999191E-6,-208.00000429E-3,
,,,251.39999343E-6,-200.00000298E-3,,,,,251.39999343E-6,-224.00000691E-3,
,,,251.59999495E-6,0.0,,,,,251.59999495E-6,-208.00000429E-3,
,,,251.79999648E-6,0.0,,,,,251.79999648E-6,-200.00000298E-3,
,,,251.99999800E-6,200.00000298E-3,,,,,251.99999800E-6,-200.00000298E-3,
,,,252.19999952E-6,200.00000298E-3,,,,,252.19999952E-6,-200.00000298E-3,
,,,252.40000105E-6,0.0,,,,,252.40000105E-6,-224.00000691E-3,
,,,252.60000257E-6,200.00000298E-3,,,,,252.60000257E-6,-200.00000298E-3,
,,,252.80000409E-6,400.00000596E-3,,,,,252.80000409E-6,-216.00000560E-3,
,,,253.00000561E-6,-200.00000298E-3,,,,,253.00000561E-6,-224.00000691E-3,
,,,253.20000714E-6,200.00000298E-3,,,,,253.20000714E-6,-200.00000298E-3,
,,,253.40000866E-6,0.0,,,,,253.40000866E-6,-224.00000691E-3,
,,,253.60001018E-6,200.00000298E-3,,,,,253.60001018E-6,-208.00000429E-3,
,,,253.80001171E-6,200.00000298E-3,,,,,253.80001171E-6,-208.00000429E-3,
,,,254.00001323E-6,400.00000596E-3,,,,,254.00001323E-6,-208.00000429E-3,
,,,254.20001475E-6,-200.00000298E-3,,,,,254.20001475E-6,-208.00000429E-3,
,,,254.40001627E-6,200.00000298E-3,,,,,254.40001627E-6,-216.00000560E-3,
,,,254.60001780E-6,200.00000298E-3,,,,,254.60001780E-6,-208.00000429E-3,
,,,254.79999022E-6,-400.00000596E-3,,,,,254.79999022E-6,-192.00000167E-3,
,,,254.99999174E-6,200.00000298E-3,,,,,254.99999174E-6,-200.00000298E-3,
,,,255.19999326E-6,400.00000596E-3,,,,,255.19999326E-6,-192.00000167E-3,
,,,255.39999478E-6,200.00000298E-3,,,,,255.39999478E-6,-200.00000298E-3,
,,,255.59999631E-6,-200.00000298E-3,,,,,255.59999631E-6,-192.00000167E-3,
,,,255.79999783E-6,0.0,,,,,255.79999783E-6,-192.00000167E-3,
,,,255.99999935E-6,400.00000596E-3,,,,,255.99999935E-6,-200.00000298E-3,
,,,256.20000088E-6,0.0,,,,,256.20000088E-6,-200.00000298E-3,
,,,256.40000240E-6,-200.00000298E-3,,,,,256.40000240E-6,-208.00000429E-3,
,,,256.60000392E-6,-200.00000298E-3,,,,,256.60000392E-6,-200.00000298E-3,
,,,256.80000545E-6,0.0,,,,,256.80000545E-6,-200.00000298E-3,
,,,257.00000697E-6,0.0,,,,,257.00000697E-6,-208.00000429E-3,
,,,257.20000849E-6,0.0,,,,,257.20000849E-6,-200.00000298E-3,
,,,257.40001001E-6,200.00000298E-3,,,,,257.40001001E-6,-208.00000429E-3,
,,,257.60001154E-6,-200.00000298E-3,,,,,257.60001154E-6,-200.00000298E-3,
,,,257.80001306E-6,-200.00000298E-3,,,,,257.80001306E-6,-224.00000691E-3,
,,,258.00001458E-6,0.0,,,,,258.00001458E-6,-208.00000429E-3,
,,,258.20001611E-6,0.0,,,,,258.20001611E-6,-192.00000167E-3,
,,,258.40001763E-6,0.0,,,,,258.40001763E-6,-192.00000167E-3,
,,,258.59999005E-6,0.0,,,,,258.59999005E-6,-208.00000429E-3,
,,,258.79999157E-6,200.00000298E-3,,,,,258.79999157E-6,-192.00000167E-3,
,,,258.99999309E-6,200.00000298E-3,,,,,258.99999309E-6,-200.00000298E-3,
,,,259.19999462E-6,400.00000596E-3,,,,,259.19999462E-6,-208.00000429E-3,
,,,259.39999614E-6,200.00000298E-3,,,,,259.39999614E-6,-216.00000560E-3,
,,,259.59999766E-6,200.00000298E-3,,,,,259.59999766E-6,-216.00000560E-3,
,,,259.79999918E-6,200.00000298E-3,,,,,259.79999918E-6,-200.00000298E-3,
,,,260.00000071E-6,0.0,,,,,260.00000071E-6,-200.00000298E-3,
,,,260.20000223E-6,0.0,,,,,260.20000223E-6,-200.00000298E-3,
,,,260.40000375E-6,0.0,,,,,260.40000375E-6,-184.00001526E-3,
,,,260.60000528E-6,200.00000298E-3,,,,,260.60000528E-6,-200.00000298E-3,
,,,260.80000680E-6,0.0,,,,,260.80000680E-6,-200.00000298E-3,
,,,261.00000832E-6,-200.00000298E-3,,,,,261.00000832E-6,-192.00000167E-3,
,,,261.20000985E-6,-400.00000596E-3,,,,,261.20000985E-6,-200.00000298E-3,
,,,261.40001137E-6,-200.00000298E-3,,,,,261.40001137E-6,-200.00000298E-3,
,,,261.60001289E-6,-200.00000298E-3,,,,,261.60001289E-6,-200.00000298E-3,
,,,261.80001441E-6,0.0,,,,,261.80001441E-6,-208.00000429E-3,
,,,262.00001594E-6,200.00000298E-3,,,,,262.00001594E-6,-208.00000429E-3,
,,,262.20001746E-6,400.00000596E-3,,,,,262.20001746E-6,-200.00000298E-3,
,,,262.39998988E-6,0.0,,,,,262.39998988E-6,-200.00000298E-3,
,,,262.59999140E-6,200.00000298E-3,,,,,262.59999140E-6,-192.00000167E-3,
,,,262.79999292E-6,0.0,,,,,262.79999292E-6,-200.00000298E-3,
,,,262.99999445E-6,0.0,,,,,262.99999445E-6,-216.00000560E-3,
,,,263.19999597E-6,200.00000298E-3,,,,,263.19999597E-6,-208.00000429E-3,
,,,263.39999749E-6,0.0,,,,,263.39999749E-6,-208.00000429E-3,
,,,263.59999902E-6,200.00000298E-3,,,,,263.59999902E-6,-216.00000560E-3,
,,,263.80000054E-6,-200.00000298E-3,,,,,263.80000054E-6,-200.00000298E-3,
,,,264.00000206E-6,0.0,,,,,264.00000206E-6,-216.00000560E-3,
,,,264.20000358E-6,200.00000298E-3,,,,,264.20000358E-6,-192.00000167E-3,
,,,264.40000511E-6,-400.00000596E-3,,,,,264.40000511E-6,-216.00000560E-3,
,,,264.60000663E-6,-200.00000298E-3,,,,,264.60000663E-6,-208.00000429E-3,
,,,264.80000815E-6,200.00000298E-3,,,,,264.80000815E-6,-200.00000298E-3,
,,,265.00000968E-6,200.00000298E-3,,,,,265.00000968E-6,-216.00000560E-3,
,,,265.20001120E-6,200.00000298E-3,,,,,265.20001120E-6,-200.00000298E-3,
,,,265.40001272E-6,200.00000298E-3,,,,,265.40001272E-6,-208.00000429E-3,
,,,265.60001425E-6,-200.00000298E-3,,,,,265.60001425E-6,-200.00000298E-3,
,,,265.80001577E-6,200.00000298E-3,,,,,265.80001577E-6,-192.00000167E-3,
,,,266.00001729E-6,0.0,,,,,266.00001729E-6,-216.00000560E-3,
,,,266.19998971E-6,400.00000596E-3,,,,,266.19998971E-6,-208.00000429E-3,
,,,266.39999123E-6,0.0,,,,,266.39999123E-6,-200.00000298E-3,
,,,266.59999276E-6,-200.00000298E-3,,,,,266.59999276E-6,-192.00000167E-3,
,,,266.79999428E-6,-400.00000596E-3,,,,,266.79999428E-6,-200.00000298E-3,
,,,266.99999580E-6,-200.00000298E-3,,,,,266.99999580E-6,-184.00001526E-3,
,,,267.19999732E-6,-400.00000596E-3,,,,,267.19999732E-6,-184.00001526E-3,
,,,267.39999885E-6,0.0,,,,,267.39999885E-6,-200.00000298E-3,
,,,267.60000037E-6,-400.00000596E-3,,,,,267.60000037E-6,-192.00000167E-3,
,,,267.80000189E-6,-200.00000298E-3,,,,,267.80000189E-6,-200.00000298E-3,
,,,268.00000342E-6,-400.00000596E-3,,,,,268.00000342E-6,-200.00000298E-3,
,,,268.20000494E-6,-200.00000298E-3,,,,,268.20000494E-6,-200.00000298E-3,
,,,268.40000646E-6,600.000023842E-3,,,,,268.40000646E-6,-208.00000429E-3,
,,,268.60000798E-6,200.00000298E-3,,,,,268.60000798E-6,-224.00000691E-3,
,,,268.80000951E-6,400.00000596E-3,,,,,268.80000951E-6,-200.00000298E-3,
,,,269.00001103E-6,200.00000298E-3,,,,,269.00001103E-6,-200.00000298E-3,
,,,269.20001255E-6,200.00000298E-3,,,,,269.20001255E-6,-208.00000429E-3,
,,,269.40001408E-6,200.00000298E-3,,,,,269.40001408E-6,-208.00000429E-3,
,,,269.60001560E-6,200.00000298E-3,,,,,269.60001560E-6,-200.00000298E-3,
,,,269.80001712E-6,0.0,,,,,269.80001712E-6,-192.00000167E-3,
,,,270.00001865E-6,200.00000298E-3,,,,,270.00001865E-6,-208.00000429E-3,
,,,270.19999106E-6,0.0,,,,,270.19999106E-6,-192.00000167E-3,
,,,270.39999259E-6,0.0,,,,,270.39999259E-6,-192.00000167E-3,
,,,270.59999411E-6,0.0,,,,,270.59999411E-6,-192.00000167E-3,
,,,270.79999563E-6,200.00000298E-3,,,,,270.79999563E-6,-192.00000167E-3,
,,,270.99999716E-6,0.0,,,,,270.99999716E-6,-200.00000298E-3,
,,,271.19999868E-6,-200.00000298E-3,,,,,271.19999868E-6,-200.00000298E-3,
,,,271.40000020E-6,-200.00000298E-3,,,,,271.40000020E-6,-200.00000298E-3,
,,,271.60000172E-6,200.00000298E-3,,,,,271.60000172E-6,-184.00001526E-3,
,,,271.80000325E-6,200.00000298E-3,,,,,271.80000325E-6,-184.00001526E-3,
,,,272.00000477E-6,0.0,,,,,272.00000477E-6,-192.00000167E-3,
,,,272.20000629E-6,200.00000298E-3,,,,,272.20000629E-6,-200.00000298E-3,
,,,272.40000782E-6,200.00000298E-3,,,,,272.40000782E-6,-192.00000167E-3,
,,,272.60000934E-6,0.0,,,,,272.60000934E-6,-200.00000298E-3,
,,,272.80001086E-6,0.0,,,,,272.80001086E-6,-208.00000429E-3,
,,,273.00001238E-6,0.0,,,,,273.00001238E-6,-200.00000298E-3,
,,,273.20001391E-6,0.0,,,,,273.20001391E-6,-208.00000429E-3,
,,,273.40001543E-6,200.00000298E-3,,,,,273.40001543E-6,-200.00000298E-3,
,,,273.60001695E-6,200.00000298E-3,,,,,273.60001695E-6,-200.00000298E-3,
,,,273.80001848E-6,0.0,,,,,273.80001848E-6,-200.00000298E-3,
,,,273.99999090E-6,0.0,,,,,273.99999090E-6,-200.00000298E-3,
,,,274.19999242E-6,400.00000596E-3,,,,,274.19999242E-6,-216.00000560E-3,
,,,274.39999394E-6,400.00000596E-3,,,,,274.39999394E-6,-208.00000429E-3,
,,,274.59999546E-6,-200.00000298E-3,,,,,274.59999546E-6,-192.00000167E-3,
,,,274.79999699E-6,400.00000596E-3,,,,,274.79999699E-6,-192.00000167E-3,
,,,274.99999851E-6,200.00000298E-3,,,,,274.99999851E-6,-192.00000167E-3,
,,,275.20000003E-6,400.00000596E-3,,,,,275.20000003E-6,-200.00000298E-3,
,,,275.40000156E-6,-200.00000298E-3,,,,,275.40000156E-6,-192.00000167E-3,
,,,275.60000308E-6,0.0,,,,,275.60000308E-6,-184.00001526E-3,
,,,275.80000460E-6,-200.00000298E-3,,,,,275.80000460E-6,-176.00001395E-3,
,,,276.00000612E-6,0.0,,,,,276.00000612E-6,-208.00000429E-3,
,,,276.20000765E-6,-400.00000596E-3,,,,,276.20000765E-6,-200.00000298E-3,
,,,276.40000917E-6,0.0,,,,,276.40000917E-6,-192.00000167E-3,
,,,276.60001069E-6,200.00000298E-3,,,,,276.60001069E-6,-184.00001526E-3,
,,,276.80001222E-6,0.0,,,,,276.80001222E-6,-200.00000298E-3,
,,,277.00001374E-6,0.0,,,,,277.00001374E-6,-192.00000167E-3,
,,,277.20001526E-6,0.0,,,,,277.20001526E-6,-192.00000167E-3,
,,,277.40001678E-6,0.0,,,,,277.40001678E-6,-192.00000167E-3,
,,,277.60001831E-6,-400.00000596E-3,,,,,277.60001831E-6,-200.00000298E-3,
,,,277.79999073E-6,-400.00000596E-3,,,,,277.79999073E-6,-200.00000298E-3,
,,,277.99999225E-6,0.0,,,,,277.99999225E-6,-200.00000298E-3,
,,,278.19999377E-6,0.0,,,,,278.19999377E-6,-208.00000429E-3,
,,,278.39999530E-6,200.00000298E-3,,,,,278.39999530E-6,-200.00000298E-3,
,,,278.59999682E-6,0.0,,,,,278.59999682E-6,-192.00000167E-3,
,,,278.79999834E-6,200.00000298E-3,,,,,278.79999834E-6,-200.00000298E-3,
,,,278.99999986E-6,200.00000298E-3,,,,,278.99999986E-6,-192.00000167E-3,
,,,279.20000139E-6,0.0,,,,,279.20000139E-6,-216.00000560E-3,
,,,279.40000291E-6,0.0,,,,,279.40000291E-6,-200.00000298E-3,
,,,279.60000443E-6,0.0,,,,,279.60000443E-6,-184.00001526E-3,
,,,279.80000596E-6,200.00000298E-3,,,,,279.80000596E-6,-184.00001526E-3,
,,,280.00000748E-6,200.00000298E-3,,,,,280.00000748E-6,-192.00000167E-3,
,,,280.20000900E-6,200.00000298E-3,,,,,280.20000900E-6,-184.00001526E-3,
,,,280.40001052E-6,0.0,,,,,280.40001052E-6,-184.00001526E-3,
,,,280.60001205E-6,200.00000298E-3,,,,,280.60001205E-6,-192.00000167E-3,
,,,280.80001357E-6,0.0,,,,,280.80001357E-6,-192.00000167E-3,
,,,281.00001509E-6,-200.00000298E-3,,,,,281.00001509E-6,-192.00000167E-3,
,,,281.20001662E-6,-400.00000596E-3,,,,,281.20001662E-6,-192.00000167E-3,
,,,281.40001814E-6,-200.00000298E-3,,,,,281.40001814E-6,-176.00001395E-3,
,,,281.59999056E-6,-200.00000298E-3,,,,,281.59999056E-6,-192.00000167E-3,
,,,281.79999208E-6,200.00000298E-3,,,,,281.79999208E-6,-184.00001526E-3,
,,,281.99999360E-6,200.00000298E-3,,,,,281.99999360E-6,-184.00001526E-3,
,,,282.19999513E-6,-200.00000298E-3,,,,,282.19999513E-6,-184.00001526E-3,
,,,282.39999665E-6,0.0,,,,,282.39999665E-6,-184.00001526E-3,
,,,282.59999817E-6,0.0,,,,,282.59999817E-6,-192.00000167E-3,
,,,282.79999970E-6,-200.00000298E-3,,,,,282.79999970E-6,-216.00000560E-3,
,,,283.00000122E-6,200.00000298E-3,,,,,283.00000122E-6,-192.00000167E-3,
,,,283.20000274E-6,0.0,,,,,283.20000274E-6,-200.00000298E-3,
,,,283.40000426E-6,200.00000298E-3,,,,,283.40000426E-6,-192.00000167E-3,
,,,283.60000579E-6,200.00000298E-3,,,,,283.60000579E-6,-200.00000298E-3,
,,,283.80000731E-6,0.0,,,,,283.80000731E-6,-192.00000167E-3,
,,,284.00000883E-6,400.00000596E-3,,,,,284.00000883E-6,-184.00001526E-3,
,,,284.20001036E-6,0.0,,,,,284.20001036E-6,-216.00000560E-3,
,,,284.40001188E-6,-200.00000298E-3,,,,,284.40001188E-6,-192.00000167E-3,
,,,284.60001340E-6,0.0,,,,,284.60001340E-6,-184.00001526E-3,
,,,284.80001492E-6,0.0,,,,,284.80001492E-6,-200.00000298E-3,
,,,285.00001645E-6,400.00000596E-3,,,,,285.00001645E-6,-184.00001526E-3,
,,,285.20001797E-6,400.00000596E-3,,,,,285.20001797E-6,-184.00001526E-3,
,,,285.39999039E-6,0.0,,,,,285.39999039E-6,-184.00001526E-3,
,,,285.59999191E-6,0.0,,,,,285.59999191E-6,-184.00001526E-3,
,,,285.79999343E-6,-200.00000298E-3,,,,,285.79999343E-6,-208.00000429E-3,
,,,285.99999496E-6,0.0,,,,,285.99999496E-6,-184.00001526E-3,
,,,286.19999648E-6,-200.00000298E-3,,,,,286.19999648E-6,-184.00001526E-3,
,,,286.39999800E-6,-400.00000596E-3,,,,,286.39999800E-6,-184.00001526E-3,
,,,286.59999953E-6,0.0,,,,,286.59999953E-6,-184.00001526E-3,
,,,286.80000105E-6,0.0,,,,,286.80000105E-6,-176.00001395E-3,
,,,287.00000257E-6,-200.00000298E-3,,,,,287.00000257E-6,-192.00000167E-3,
,,,287.20000410E-6,0.0,,,,,287.20000410E-6,-176.00001395E-3,
,,,287.40000562E-6,-200.00000298E-3,,,,,287.40000562E-6,-176.00001395E-3,
,,,287.60000714E-6,-200.00000298E-3,,,,,287.60000714E-6,-192.00000167E-3,
,,,287.80000866E-6,-200.00000298E-3,,,,,287.80000866E-6,-192.00000167E-3,
,,,288.00001019E-6,-200.00000298E-3,,,,,288.00001019E-6,-184.00001526E-3,
,,,288.20001171E-6,400.00000596E-3,,,,,288.20001171E-6,-184.00001526E-3,
,,,288.40001323E-6,400.00000596E-3,,,,,288.40001323E-6,-192.00000167E-3,
,,,288.60001476E-6,200.00000298E-3,,,,,288.60001476E-6,-176.00001395E-3,
,,,288.80001628E-6,400.00000596E-3,,,,,288.80001628E-6,-184.00001526E-3,
,,,289.00001780E-6,400.00000596E-3,,,,,289.00001780E-6,-192.00000167E-3,
,,,289.19999022E-6,200.00000298E-3,,,,,289.19999022E-6,-192.00000167E-3,
,,,289.39999174E-6,200.00000298E-3,,,,,289.39999174E-6,-192.00000167E-3,
,,,289.59999327E-6,0.0,,,,,289.59999327E-6,-168.00001264E-3,
,,,289.79999479E-6,200.00000298E-3,,,,,289.79999479E-6,-208.00000429E-3,
,,,289.99999631E-6,0.0,,,,,289.99999631E-6,-176.00001395E-3,
,,,290.19999783E-6,200.00000298E-3,,,,,290.19999783E-6,-184.00001526E-3,
,,,290.39999936E-6,-200.00000298E-3,,,,,290.39999936E-6,-184.00001526E-3,
,,,290.60000088E-6,0.0,,,,,290.60000088E-6,-184.00001526E-3,
,,,290.80000240E-6,-200.00000298E-3,,,,,290.80000240E-6,-200.00000298E-3,
,,,291.00000393E-6,-200.00000298E-3,,,,,291.00000393E-6,-192.00000167E-3,
,,,291.20000545E-6,0.0,,,,,291.20000545E-6,-184.00001526E-3,
,,,291.40000697E-6,-200.00000298E-3,,,,,291.40000697E-6,-184.00001526E-3,
,,,291.60000850E-6,200.00000298E-3,,,,,291.60000850E-6,-176.00001395E-3,
,,,291.80001002E-6,0.0,,,,,291.80001002E-6,-184.00001526E-3,
,,,292.00001154E-6,0.0,,,,,292.00001154E-6,-192.00000167E-3,
,,,292.20001306E-6,200.00000298E-3,,,,,292.20001306E-6,-184.00001526E-3,
,,,292.40001459E-6,0.0,,,,,292.40001459E-6,-192.00000167E-3,
,,,292.60001611E-6,-200.00000298E-3,,,,,292.60001611E-6,-192.00000167E-3,
,,,292.80001763E-6,0.0,,,,,292.80001763E-6,-200.00000298E-3,
,,,292.99999005E-6,0.0,,,,,292.99999005E-6,-192.00000167E-3,
,,,293.19999157E-6,400.00000596E-3,,,,,293.19999157E-6,-200.00000298E-3,
,,,293.39999310E-6,0.0,,,,,293.39999310E-6,-200.00000298E-3,
,,,293.59999462E-6,0.0,,,,,293.59999462E-6,-192.00000167E-3,
,,,293.79999614E-6,0.0,,,,,293.79999614E-6,-200.00000298E-3,
,,,293.99999767E-6,400.00000596E-3,,,,,293.99999767E-6,-208.00000429E-3,
,,,294.19999919E-6,200.00000298E-3,,,,,294.19999919E-6,-216.00000560E-3,
,,,294.40000071E-6,0.0,,,,,294.40000071E-6,-184.00001526E-3,
,,,294.60000223E-6,400.00000596E-3,,,,,294.60000223E-6,-184.00001526E-3,
,,,294.80000376E-6,200.00000298E-3,,,,,294.80000376E-6,-192.00000167E-3,
,,,295.00000528E-6,400.00000596E-3,,,,,295.00000528E-6,-200.00000298E-3,
,,,295.20000680E-6,-200.00000298E-3,,,,,295.20000680E-6,-184.00001526E-3,
,,,295.40000833E-6,0.0,,,,,295.40000833E-6,-192.00000167E-3,
,,,295.60000985E-6,200.00000298E-3,,,,,295.60000985E-6,-192.00000167E-3,
,,,295.80001137E-6,200.00000298E-3,,,,,295.80001137E-6,-192.00000167E-3,
,,,296.00001290E-6,-200.00000298E-3,,,,,296.00001290E-6,-192.00000167E-3,
,,,296.20001442E-6,-200.00000298E-3,,,,,296.20001442E-6,-176.00001395E-3,
,,,296.40001594E-6,200.00000298E-3,,,,,296.40001594E-6,-176.00001395E-3,
,,,296.60001746E-6,-400.00000596E-3,,,,,296.60001746E-6,-176.00001395E-3,
,,,296.80001899E-6,0.0,,,,,296.80001899E-6,-184.00001526E-3,
,,,296.99999141E-6,0.0,,,,,296.99999141E-6,-176.00001395E-3,
,,,297.19999293E-6,-200.00000298E-3,,,,,297.19999293E-6,-192.00000167E-3,
,,,297.39999445E-6,-400.00000596E-3,,,,,297.39999445E-6,-200.00000298E-3,
,,,297.59999597E-6,-200.00000298E-3,,,,,297.59999597E-6,-208.00000429E-3,
,,,297.79999750E-6,0.0,,,,,297.79999750E-6,-184.00001526E-3,
,,,297.99999902E-6,400.00000596E-3,,,,,297.99999902E-6,-200.00000298E-3,
,,,298.20000054E-6,200.00000298E-3,,,,,298.20000054E-6,-192.00000167E-3,
,,,298.40000207E-6,-200.00000298E-3,,,,,298.40000207E-6,-192.00000167E-3,
,,,298.60000359E-6,200.00000298E-3,,,,,298.60000359E-6,-200.00000298E-3,
,,,298.80000511E-6,200.00000298E-3,,,,,298.80000511E-6,-200.00000298E-3,
,,,299.00000663E-6,200.00000298E-3,,,,,299.00000663E-6,-200.00000298E-3,
,,,299.20000816E-6,0.0,,,,,299.20000816E-6,-192.00000167E-3,
,,,299.40000968E-6,0.0,,,,,299.40000968E-6,-184.00001526E-3,
,,,299.60001120E-6,400.00000596E-3,,,,,299.60001120E-6,-192.00000167E-3,
,,,299.80001273E-6,0.0,,,,,299.80001273E-6,-208.00000429E-3,
,,,300.00001425E-6,200.00000298E-3,,,,,300.00001425E-6,-192.00000167E-3,
,,,300.20001577E-6,200.00000298E-3,,,,,300.20001577E-6,-200.00000298E-3,
,,,300.40001730E-6,-200.00000298E-3,,,,,300.40001730E-6,-184.00001526E-3,
,,,300.60001882E-6,0.0,,,,,300.60001882E-6,-192.00000167E-3,
,,,300.79999124E-6,0.0,,,,,300.79999124E-6,-200.00000298E-3,
,,,300.99999276E-6,-200.00000298E-3,,,,,300.99999276E-6,-192.00000167E-3,
,,,301.19999428E-6,-400.00000596E-3,,,,,301.19999428E-6,-192.00000167E-3,
,,,301.39999581E-6,0.0,,,,,301.39999581E-6,-192.00000167E-3,
,,,301.59999733E-6,200.00000298E-3,,,,,301.59999733E-6,-184.00001526E-3,
,,,301.79999885E-6,0.0,,,,,301.79999885E-6,-184.00001526E-3,
,,,302.00000037E-6,0.0,,,,,302.00000037E-6,-184.00001526E-3,
,,,302.20000190E-6,0.0,,,,,302.20000190E-6,-184.00001526E-3,
,,,302.40000342E-6,400.00000596E-3,,,,,302.40000342E-6,-200.00000298E-3,
,,,302.60000494E-6,0.0,,,,,302.60000494E-6,-208.00000429E-3,
,,,302.80000647E-6,0.0,,,,,302.80000647E-6,-200.00000298E-3,
,,,303.00000799E-6,200.00000298E-3,,,,,303.00000799E-6,-192.00000167E-3,
,,,303.20000951E-6,600.000023842E-3,,,,,303.20000951E-6,-200.00000298E-3,
,,,303.40001103E-6,-200.00000298E-3,,,,,303.40001103E-6,-192.00000167E-3,
,,,303.60001256E-6,-200.00000298E-3,,,,,303.60001256E-6,-200.00000298E-3,
,,,303.80001408E-6,0.0,,,,,303.80001408E-6,-176.00001395E-3,
,,,304.00001560E-6,200.00000298E-3,,,,,304.00001560E-6,-200.00000298E-3,
,,,304.20001713E-6,0.0,,,,,304.20001713E-6,-216.00000560E-3,
,,,304.40001865E-6,-200.00000298E-3,,,,,304.40001865E-6,-192.00000167E-3,
,,,304.59999107E-6,400.00000596E-3,,,,,304.59999107E-6,-192.00000167E-3,
,,,304.79999259E-6,400.00000596E-3,,,,,304.79999259E-6,-176.00001395E-3,
,,,304.99999411E-6,200.00000298E-3,,,,,304.99999411E-6,-192.00000167E-3,
,,,305.19999564E-6,0.0,,,,,305.19999564E-6,-176.00001395E-3,
,,,305.39999716E-6,0.0,,,,,305.39999716E-6,-176.00001395E-3,
,,,305.59999868E-6,200.00000298E-3,,,,,305.59999868E-6,-200.00000298E-3,
,,,305.80000021E-6,400.00000596E-3,,,,,305.80000021E-6,-200.00000298E-3,
,,,306.00000173E-6,0.0,,,,,306.00000173E-6,-176.00001395E-3,
,,,306.20000325E-6,-200.00000298E-3,,,,,306.20000325E-6,-184.00001526E-3,
,,,306.40000477E-6,0.0,,,,,306.40000477E-6,-184.00001526E-3,
,,,306.60000630E-6,0.0,,,,,306.60000630E-6,-184.00001526E-3,
,,,306.80000782E-6,-400.00000596E-3,,,,,306.80000782E-6,-184.00001526E-3,
,,,307.00000934E-6,0.0,,,,,307.00000934E-6,-192.00000167E-3,
,,,307.20001087E-6,0.0,,,,,307.20001087E-6,-176.00001395E-3,
,,,307.40001239E-6,0.0,,,,,307.40001239E-6,-184.00001526E-3,
,,,307.60001391E-6,-200.00000298E-3,,,,,307.60001391E-6,-208.00000429E-3,
,,,307.80001543E-6,0.0,,,,,307.80001543E-6,-192.00000167E-3,
,,,308.00001696E-6,400.00000596E-3,,,,,308.00001696E-6,-184.00001526E-3,
,,,308.20001848E-6,600.000023842E-3,,,,,308.20001848E-6,-200.00000298E-3,
,,,308.39999090E-6,200.00000298E-3,,,,,308.39999090E-6,-184.00001526E-3,
,,,308.59999242E-6,400.00000596E-3,,,,,308.59999242E-6,-192.00000167E-3,
,,,308.79999395E-6,200.00000298E-3,,,,,308.79999395E-6,-184.00001526E-3,
,,,308.99999547E-6,400.00000596E-3,,,,,308.99999547E-6,-192.00000167E-3,
,,,309.19999699E-6,400.00000596E-3,,,,,309.19999699E-6,-200.00000298E-3,
,,,309.39999851E-6,200.00000298E-3,,,,,309.39999851E-6,-184.00001526E-3,
,,,309.60000004E-6,200.00000298E-3,,,,,309.60000004E-6,-192.00000167E-3,
,,,309.80000156E-6,400.00000596E-3,,,,,309.80000156E-6,-168.00001264E-3,
,,,310.00000308E-6,200.00000298E-3,,,,,310.00000308E-6,-176.00001395E-3,
,,,310.20000461E-6,-400.00000596E-3,,,,,310.20000461E-6,-176.00001395E-3,
,,,310.40000613E-6,400.00000596E-3,,,,,310.40000613E-6,-176.00001395E-3,
,,,310.60000765E-6,0.0,,,,,310.60000765E-6,-176.00001395E-3,
,,,310.80000917E-6,0.0,,,,,310.80000917E-6,-184.00001526E-3,
,,,311.00001070E-6,-200.00000298E-3,,,,,311.00001070E-6,-184.00001526E-3,
,,,311.20001222E-6,0.0,,,,,311.20001222E-6,-160.00001132E-3,
,,,311.40001374E-6,400.00000596E-3,,,,,311.40001374E-6,-168.00001264E-3,
,,,311.60001527E-6,200.00000298E-3,,,,,311.60001527E-6,-168.00001264E-3,
,,,311.80001679E-6,400.00000596E-3,,,,,311.80001679E-6,-192.00000167E-3,
,,,312.00001831E-6,400.00000596E-3,,,,,312.00001831E-6,-176.00001395E-3,
,,,312.19999073E-6,0.0,,,,,312.19999073E-6,-184.00001526E-3,
,,,312.39999225E-6,-200.00000298E-3,,,,,312.39999225E-6,-192.00000167E-3,
,,,312.59999378E-6,200.00000298E-3,,,,,312.59999378E-6,-176.00001395E-3,
,,,312.79999530E-6,0.0,,,,,312.79999530E-6,-184.00001526E-3,
,,,312.99999682E-6,200.00000298E-3,,,,,312.99999682E-6,-184.00001526E-3,
,,,313.19999835E-6,200.00000298E-3,,,,,313.19999835E-6,-176.00001395E-3,
,,,313.39999987E-6,200.00000298E-3,,,,,313.39999987E-6,-184.00001526E-3,
,,,313.60000139E-6,0.0,,,,,313.60000139E-6,-184.00001526E-3,
,,,313.80000291E-6,200.00000298E-3,,,,,313.80000291E-6,-208.00000429E-3,
,,,314.00000444E-6,200.00000298E-3,,,,,314.00000444E-6,-200.00000298E-3,
,,,314.20000596E-6,0.0,,,,,314.20000596E-6,-176.00001395E-3,
,,,314.40000748E-6,200.00000298E-3,,,,,314.40000748E-6,-168.00001264E-3,
,,,314.60000901E-6,400.00000596E-3,,,,,314.60000901E-6,-168.00001264E-3,
,,,314.80001053E-6,400.00000596E-3,,,,,314.80001053E-6,-184.00001526E-3,
,,,315.00001205E-6,-200.00000298E-3,,,,,315.00001205E-6,-184.00001526E-3,
,,,315.20001357E-6,200.00000298E-3,,,,,315.20001357E-6,-176.00001395E-3,
,,,315.40001510E-6,400.00000596E-3,,,,,315.40001510E-6,-176.00001395E-3,
,,,315.60001662E-6,200.00000298E-3,,,,,315.60001662E-6,-192.00000167E-3,
,,,315.80001814E-6,-400.00000596E-3,,,,,315.80001814E-6,-200.00000298E-3,
,,,315.99999056E-6,200.00000298E-3,,,,,315.99999056E-6,-168.00001264E-3,
,,,316.19999208E-6,200.00000298E-3,,,,,316.19999208E-6,-176.00001395E-3,
,,,316.39999361E-6,200.00000298E-3,,,,,316.39999361E-6,-184.00001526E-3,
,,,316.59999513E-6,200.00000298E-3,,,,,316.59999513E-6,-184.00001526E-3,
,,,316.79999665E-6,400.00000596E-3,,,,,316.79999665E-6,-176.00001395E-3,
,,,316.99999818E-6,0.0,,,,,316.99999818E-6,-184.00001526E-3,
,,,317.19999970E-6,0.0,,,,,317.19999970E-6,-192.00000167E-3,
,,,317.40000122E-6,400.00000596E-3,,,,,317.40000122E-6,-184.00001526E-3,
,,,317.60000275E-6,200.00000298E-3,,,,,317.60000275E-6,-176.00001395E-3,
,,,317.80000427E-6,200.00000298E-3,,,,,317.80000427E-6,-168.00001264E-3,
,,,318.00000579E-6,200.00000298E-3,,,,,318.00000579E-6,-176.00001395E-3,
,,,318.20000731E-6,200.00000298E-3,,,,,318.20000731E-6,-184.00001526E-3,
,,,318.40000884E-6,0.0,,,,,318.40000884E-6,-176.00001395E-3,
,,,318.60001036E-6,400.00000596E-3,,,,,318.60001036E-6,-192.00000167E-3,
,,,318.80001188E-6,200.00000298E-3,,,,,318.80001188E-6,-192.00000167E-3,
,,,319.00001341E-6,200.00000298E-3,,,,,319.00001341E-6,-184.00001526E-3,
,,,319.20001493E-6,-200.00000298E-3,,,,,319.20001493E-6,-168.00001264E-3,
,,,319.40001645E-6,0.0,,,,,319.40001645E-6,-176.00001395E-3,
,,,319.60001797E-6,-200.00000298E-3,,,,,319.60001797E-6,-168.00001264E-3,
,,,319.79999039E-6,200.00000298E-3,,,,,319.79999039E-6,-160.00001132E-3,
,,,319.99999192E-6,200.00000298E-3,,,,,319.99999192E-6,-160.00001132E-3,
,,,320.19999344E-6,0.0,,,,,320.19999344E-6,-176.00001395E-3,
,,,320.39999496E-6,0.0,,,,,320.39999496E-6,-192.00000167E-3,
,,,320.59999648E-6,-200.00000298E-3,,,,,320.59999648E-6,-168.00001264E-3,
,,,320.79999801E-6,0.0,,,,,320.79999801E-6,-184.00001526E-3,
,,,320.99999953E-6,0.0,,,,,320.99999953E-6,-184.00001526E-3,
,,,321.20000105E-6,0.0,,,,,321.20000105E-6,-184.00001526E-3,
,,,321.40000258E-6,200.00000298E-3,,,,,321.40000258E-6,-176.00001395E-3,
,,,321.60000410E-6,200.00000298E-3,,,,,321.60000410E-6,-176.00001395E-3,
,,,321.80000562E-6,-200.00000298E-3,,,,,321.80000562E-6,-176.00001395E-3,
,,,322.00000715E-6,200.00000298E-3,,,,,322.00000715E-6,-176.00001395E-3,
,,,322.20000867E-6,200.00000298E-3,,,,,322.20000867E-6,-168.00001264E-3,
,,,322.40001019E-6,-200.00000298E-3,,,,,322.40001019E-6,-192.00000167E-3,
,,,322.60001171E-6,200.00000298E-3,,,,,322.60001171E-6,-176.00001395E-3,
,,,322.80001324E-6,200.00000298E-3,,,,,322.80001324E-6,-168.00001264E-3,
,,,323.00001476E-6,400.00000596E-3,,,,,323.00001476E-6,-176.00001395E-3,
,,,323.20001628E-6,400.00000596E-3,,,,,323.20001628E-6,-184.00001526E-3,
,,,323.40001781E-6,0.0,,,,,323.40001781E-6,-176.00001395E-3,
,,,323.60001933E-6,400.00000596E-3,,,,,323.60001933E-6,-184.00001526E-3,
,,,323.79999175E-6,200.00000298E-3,,,,,323.79999175E-6,-184.00001526E-3,
,,,323.99999327E-6,200.00000298E-3,,,,,323.99999327E-6,-184.00001526E-3,
,,,324.19999479E-6,-200.00000298E-3,,,,,324.19999479E-6,-168.00001264E-3,
,,,324.39999632E-6,400.00000596E-3,,,,,324.39999632E-6,-176.00001395E-3,
,,,324.59999784E-6,400.00000596E-3,,,,,324.59999784E-6,-168.00001264E-3,
,,,324.79999936E-6,200.00000298E-3,,,,,324.79999936E-6,-168.00001264E-3,
,,,325.00000088E-6,0.0,,,,,325.00000088E-6,-160.00001132E-3,
,,,325.20000241E-6,0.0,,,,,325.20000241E-6,-168.00001264E-3,
,,,325.40000393E-6,-200.00000298E-3,,,,,325.40000393E-6,-184.00001526E-3,
,,,325.60000545E-6,200.00000298E-3,,,,,325.60000545E-6,-176.00001395E-3,
,,,325.80000698E-6,-200.00000298E-3,,,,,325.80000698E-6,-160.00001132E-3,
,,,326.00000850E-6,0.0,,,,,326.00000850E-6,-168.00001264E-3,
,,,326.20001002E-6,0.0,,,,,326.20001002E-6,-168.00001264E-3,
,,,326.40001155E-6,-200.00000298E-3,,,,,326.40001155E-6,-160.00001132E-3,
,,,326.60001307E-6,-200.00000298E-3,,,,,326.60001307E-6,-176.00001395E-3,
,,,326.80001459E-6,0.0,,,,,326.80001459E-6,-184.00001526E-3,
,,,327.00001611E-6,-400.00000596E-3,,,,,327.00001611E-6,-152.00001001E-3,
,,,327.20001764E-6,0.0,,,,,327.20001764E-6,-176.00001395E-3,
,,,327.40001916E-6,-200.00000298E-3,,,,,327.40001916E-6,-176.00001395E-3,
,,,327.59999158E-6,200.00000298E-3,,,,,327.59999158E-6,-168.00001264E-3,
,,,327.79999310E-6,0.0,,,,,327.79999310E-6,-184.00001526E-3,
,,,327.99999462E-6,600.000023842E-3,,,,,327.99999462E-6,-184.00001526E-3,
,,,328.19999615E-6,400.00000596E-3,,,,,328.19999615E-6,-168.00001264E-3,
,,,328.39999767E-6,200.00000298E-3,,,,,328.39999767E-6,-184.00001526E-3,
,,,328.59999919E-6,200.00000298E-3,,,,,328.59999919E-6,-184.00001526E-3,
,,,328.80000072E-6,400.00000596E-3,,,,,328.80000072E-6,-184.00001526E-3,
,,,329.00000224E-6,200.00000298E-3,,,,,329.00000224E-6,-184.00001526E-3,
,,,329.20000376E-6,200.00000298E-3,,,,,329.20000376E-6,-160.00001132E-3,
,,,329.40000528E-6,0.0,,,,,329.40000528E-6,-168.00001264E-3,
,,,329.60000681E-6,200.00000298E-3,,,,,329.60000681E-6,-168.00001264E-3,
,,,329.80000833E-6,0.0,,,,,329.80000833E-6,-168.00001264E-3,
,,,330.00000985E-6,200.00000298E-3,,,,,330.00000985E-6,-160.00001132E-3,
,,,330.20001138E-6,200.00000298E-3,,,,,330.20001138E-6,-160.00001132E-3,
,,,330.40001290E-6,0.0,,,,,330.40001290E-6,-168.00001264E-3,
,,,330.60001442E-6,200.00000298E-3,,,,,330.60001442E-6,-192.00000167E-3,
,,,330.80001594E-6,200.00000298E-3,,,,,330.80001594E-6,-176.00001395E-3,
,,,331.00001747E-6,200.00000298E-3,,,,,331.00001747E-6,-168.00001264E-3,
,,,331.20001899E-6,200.00000298E-3,,,,,331.20001899E-6,-168.00001264E-3,
,,,331.39999141E-6,0.0,,,,,331.39999141E-6,-168.00001264E-3,
,,,331.59999293E-6,200.00000298E-3,,,,,331.59999293E-6,-176.00001395E-3,
,,,331.79999446E-6,0.0,,,,,331.79999446E-6,-176.00001395E-3,
,,,331.99999598E-6,400.00000596E-3,,,,,331.99999598E-6,-168.00001264E-3,
,,,332.19999750E-6,0.0,,,,,332.19999750E-6,-184.00001526E-3,
,,,332.39999902E-6,0.0,,,,,332.39999902E-6,-152.00001001E-3,
,,,332.60000055E-6,-200.00000298E-3,,,,,332.60000055E-6,-184.00001526E-3,
,,,332.80000207E-6,400.00000596E-3,,,,,332.80000207E-6,-176.00001395E-3,
,,,333.00000359E-6,200.00000298E-3,,,,,333.00000359E-6,-176.00001395E-3,
,,,333.20000512E-6,200.00000298E-3,,,,,333.20000512E-6,-176.00001395E-3,
,,,333.40000664E-6,-200.00000298E-3,,,,,333.40000664E-6,-184.00001526E-3,
,,,333.60000816E-6,600.000023842E-3,,,,,333.60000816E-6,-192.00000167E-3,
,,,333.80000968E-6,400.00000596E-3,,,,,333.80000968E-6,-176.00001395E-3,
,,,334.00001121E-6,0.0,,,,,334.00001121E-6,-168.00001264E-3,
,,,334.20001273E-6,200.00000298E-3,,,,,334.20001273E-6,-168.00001264E-3,
,,,334.40001425E-6,400.00000596E-3,,,,,334.40001425E-6,-168.00001264E-3,
,,,334.60001578E-6,200.00000298E-3,,,,,334.60001578E-6,-168.00001264E-3,
,,,334.80001730E-6,0.0,,,,,334.80001730E-6,-168.00001264E-3,
,,,335.00001882E-6,200.00000298E-3,,,,,335.00001882E-6,-168.00001264E-3,
,,,335.19999124E-6,0.0,,,,,335.19999124E-6,-160.00001132E-3,
,,,335.39999276E-6,0.0,,,,,335.39999276E-6,-176.00001395E-3,
,,,335.59999429E-6,-400.00000596E-3,,,,,335.59999429E-6,-192.00000167E-3,
,,,335.79999581E-6,0.0,,,,,335.79999581E-6,-168.00001264E-3,
,,,335.99999733E-6,-200.00000298E-3,,,,,335.99999733E-6,-168.00001264E-3,
,,,336.19999886E-6,0.0,,,,,336.19999886E-6,-168.00001264E-3,
,,,336.40000038E-6,200.00000298E-3,,,,,336.40000038E-6,-176.00001395E-3,
,,,336.60000190E-6,0.0,,,,,336.60000190E-6,-160.00001132E-3,
,,,336.80000342E-6,-200.00000298E-3,,,,,336.80000342E-6,-168.00001264E-3,
,,,337.00000495E-6,-200.00000298E-3,,,,,337.00000495E-6,-184.00001526E-3,
,,,337.20000647E-6,0.0,,,,,337.20000647E-6,-168.00001264E-3,
,,,337.40000799E-6,0.0,,,,,337.40000799E-6,-160.00001132E-3,
,,,337.60000952E-6,200.00000298E-3,,,,,337.60000952E-6,-168.00001264E-3,
,,,337.80001104E-6,200.00000298E-3,,,,,337.80001104E-6,-160.00001132E-3,
,,,338.00001256E-6,0.0,,,,,338.00001256E-6,-184.00001526E-3,
,,,338.20001408E-6,200.00000298E-3,,,,,338.20001408E-6,-160.00001132E-3,
,,,338.40001561E-6,200.00000298E-3,,,,,338.40001561E-6,-168.00001264E-3,
,,,338.60001713E-6,0.0,,,,,338.60001713E-6,-184.00001526E-3,
,,,338.80001865E-6,-200.00000298E-3,,,,,338.80001865E-6,-176.00001395E-3,
,,,338.99999107E-6,200.00000298E-3,,,,,338.99999107E-6,-152.00001001E-3,
,,,339.19999260E-6,0.0,,,,,339.19999260E-6,-160.00001132E-3,
,,,339.39999412E-6,200.00000298E-3,,,,,339.39999412E-6,-176.00001395E-3,
,,,339.59999564E-6,200.00000298E-3,,,,,339.59999564E-6,-176.00001395E-3,
,,,339.79999716E-6,-200.00000298E-3,,,,,339.79999716E-6,-160.00001132E-3,
,,,339.99999869E-6,0.0,,,,,339.99999869E-6,-160.00001132E-3,
,,,340.20000021E-6,-200.00000298E-3,,,,,340.20000021E-6,-160.00001132E-3,
,,,340.40000173E-6,-200.00000298E-3,,,,,340.40000173E-6,-160.00001132E-3,
,,,340.60000326E-6,0.0,,,,,340.60000326E-6,-160.00001132E-3,
,,,340.80000478E-6,-400.00000596E-3,,,,,340.80000478E-6,-160.00001132E-3,
,,,341.00000630E-6,-200.00000298E-3,,,,,341.00000630E-6,-176.00001395E-3,
,,,341.20000782E-6,200.00000298E-3,,,,,341.20000782E-6,-176.00001395E-3,
,,,341.40000935E-6,0.0,,,,,341.40000935E-6,-168.00001264E-3,
,,,341.60001087E-6,0.0,,,,,341.60001087E-6,-168.00001264E-3,
,,,341.80001239E-6,0.0,,,,,341.80001239E-6,-168.00001264E-3,
,,,342.00001392E-6,0.0,,,,,342.00001392E-6,-168.00001264E-3,
,,,342.20001544E-6,-200.00000298E-3,,,,,342.20001544E-6,-184.00001526E-3,
,,,342.40001696E-6,0.0,,,,,342.40001696E-6,-176.00001395E-3,
,,,342.60001848E-6,0.0,,,,,342.60001848E-6,-176.00001395E-3,
,,,342.79999090E-6,400.00000596E-3,,,,,342.79999090E-6,-168.00001264E-3,
,,,342.99999243E-6,0.0,,,,,342.99999243E-6,-168.00001264E-3,
,,,343.19999395E-6,0.0,,,,,343.19999395E-6,-168.00001264E-3,
,,,343.39999547E-6,0.0,,,,,343.39999547E-6,-160.00001132E-3,
,,,343.59999700E-6,-400.00000596E-3,,,,,343.59999700E-6,-184.00001526E-3,
,,,343.79999852E-6,0.0,,,,,343.79999852E-6,-184.00001526E-3,
,,,344.00000004E-6,0.0,,,,,344.00000004E-6,-168.00001264E-3,
,,,344.20000156E-6,200.00000298E-3,,,,,344.20000156E-6,-160.00001132E-3,
,,,344.40000309E-6,400.00000596E-3,,,,,344.40000309E-6,-168.00001264E-3,
,,,344.60000461E-6,200.00000298E-3,,,,,344.60000461E-6,-144.0000087E-3,
,,,344.80000613E-6,0.0,,,,,344.80000613E-6,-160.00001132E-3,
,,,345.00000766E-6,0.0,,,,,345.00000766E-6,-152.00001001E-3,
,,,345.20000918E-6,0.0,,,,,345.20000918E-6,-184.00001526E-3,
,,,345.40001070E-6,200.00000298E-3,,,,,345.40001070E-6,-176.00001395E-3,
,,,345.60001222E-6,-600.000023842E-3,,,,,345.60001222E-6,-160.00001132E-3,
,,,345.80001375E-6,-200.00000298E-3,,,,,345.80001375E-6,-160.00001132E-3,
,,,346.00001527E-6,-200.00000298E-3,,,,,346.00001527E-6,-168.00001264E-3,
,,,346.20001679E-6,0.0,,,,,346.20001679E-6,-160.00001132E-3,
,,,346.40001832E-6,-200.00000298E-3,,,,,346.40001832E-6,-168.00001264E-3,
,,,346.59999073E-6,0.0,,,,,346.59999073E-6,-168.00001264E-3,
,,,346.79999226E-6,-200.00000298E-3,,,,,346.79999226E-6,-160.00001132E-3,
,,,346.99999378E-6,0.0,,,,,346.99999378E-6,-160.00001132E-3,
,,,347.19999530E-6,-400.00000596E-3,,,,,347.19999530E-6,-168.00001264E-3,
,,,347.39999683E-6,0.0,,,,,347.39999683E-6,-176.00001395E-3,
,,,347.59999835E-6,200.00000298E-3,,,,,347.59999835E-6,-176.00001395E-3,
,,,347.79999987E-6,200.00000298E-3,,,,,347.79999987E-6,-168.00001264E-3,
,,,348.00000140E-6,400.00000596E-3,,,,,348.00000140E-6,-160.00001132E-3,
,,,348.20000292E-6,400.00000596E-3,,,,,348.20000292E-6,-176.00001395E-3,
,,,348.40000444E-6,0.0,,,,,348.40000444E-6,-176.00001395E-3,
,,,348.60000596E-6,400.00000596E-3,,,,,348.60000596E-6,-176.00001395E-3,
,,,348.80000749E-6,200.00000298E-3,,,,,348.80000749E-6,-192.00000167E-3,
,,,349.00000901E-6,200.00000298E-3,,,,,349.00000901E-6,-152.00001001E-3,
,,,349.20001053E-6,200.00000298E-3,,,,,349.20001053E-6,-168.00001264E-3,
,,,349.40001206E-6,200.00000298E-3,,,,,349.40001206E-6,-152.00001001E-3,
,,,349.60001358E-6,0.0,,,,,349.60001358E-6,-176.00001395E-3,
,,,349.80001510E-6,0.0,,,,,349.80001510E-6,-152.00001001E-3,
,,,350.00001662E-6,200.00000298E-3,,,,,350.00001662E-6,-152.00001001E-3,
,,,350.20001815E-6,200.00000298E-3,,,,,350.20001815E-6,-160.00001132E-3,
,,,350.40001967E-6,-400.00000596E-3,,,,,350.40001967E-6,-176.00001395E-3,
,,,350.59999209E-6,-200.00000298E-3,,,,,350.59999209E-6,-168.00001264E-3,
,,,350.79999361E-6,0.0,,,,,350.79999361E-6,-160.00001132E-3,
,,,350.99999513E-6,400.00000596E-3,,,,,350.99999513E-6,-152.00001001E-3,
,,,351.19999666E-6,400.00000596E-3,,,,,351.19999666E-6,-152.00001001E-3,
,,,351.39999818E-6,-200.00000298E-3,,,,,351.39999818E-6,-176.00001395E-3,
,,,351.59999970E-6,200.00000298E-3,,,,,351.59999970E-6,-160.00001132E-3,
,,,351.80000123E-6,0.0,,,,,351.80000123E-6,-168.00001264E-3,
,,,352.00000275E-6,-200.00000298E-3,,,,,352.00000275E-6,-176.00001395E-3,
,,,352.20000427E-6,200.00000298E-3,,,,,352.20000427E-6,-152.00001001E-3,
,,,352.40000580E-6,0.0,,,,,352.40000580E-6,-168.00001264E-3,
,,,352.60000732E-6,200.00000298E-3,,,,,352.60000732E-6,-160.00001132E-3,
,,,352.80000884E-6,0.0,,,,,352.80000884E-6,-168.00001264E-3,
,,,353.00001036E-6,200.00000298E-3,,,,,353.00001036E-6,-168.00001264E-3,
,,,353.20001189E-6,-200.00000298E-3,,,,,353.20001189E-6,-160.00001132E-3,
,,,353.40001341E-6,200.00000298E-3,,,,,353.40001341E-6,-168.00001264E-3,
,,,353.60001493E-6,0.0,,,,,353.60001493E-6,-184.00001526E-3,
,,,353.80001646E-6,0.0,,,,,353.80001646E-6,-152.00001001E-3,
,,,354.00001798E-6,200.00000298E-3,,,,,354.00001798E-6,-152.00001001E-3,
,,,354.20001950E-6,200.00000298E-3,,,,,354.20001950E-6,-160.00001132E-3,
,,,354.39999192E-6,200.00000298E-3,,,,,354.39999192E-6,-160.00001132E-3,
,,,354.59999344E-6,-400.00000596E-3,,,,,354.59999344E-6,-152.00001001E-3,
,,,354.79999497E-6,200.00000298E-3,,,,,354.79999497E-6,-152.00001001E-3,
,,,354.99999649E-6,0.0,,,,,354.99999649E-6,-152.00001001E-3,
,,,355.19999801E-6,200.00000298E-3,,,,,355.19999801E-6,-168.00001264E-3,
,,,355.39999953E-6,-400.00000596E-3,,,,,355.39999953E-6,-176.00001395E-3,
,,,355.60000106E-6,-200.00000298E-3,,,,,355.60000106E-6,-160.00001132E-3,
,,,355.80000258E-6,0.0,,,,,355.80000258E-6,-168.00001264E-3,
,,,356.00000410E-6,-200.00000298E-3,,,,,356.00000410E-6,-152.00001001E-3,
,,,356.20000563E-6,200.00000298E-3,,,,,356.20000563E-6,-152.00001001E-3,
,,,356.40000715E-6,0.0,,,,,356.40000715E-6,-160.00001132E-3,
,,,356.60000867E-6,-200.00000298E-3,,,,,356.60000867E-6,-168.00001264E-3,
,,,356.80001020E-6,-400.00000596E-3,,,,,356.80001020E-6,-168.00001264E-3,
,,,357.00001172E-6,-200.00000298E-3,,,,,357.00001172E-6,-168.00001264E-3,
,,,357.20001324E-6,0.0,,,,,357.20001324E-6,-160.00001132E-3,
,,,357.40001476E-6,0.0,,,,,357.40001476E-6,-160.00001132E-3,
,,,357.60001629E-6,0.0,,,,,357.60001629E-6,-160.00001132E-3,
,,,357.80001781E-6,0.0,,,,,357.80001781E-6,-160.00001132E-3,
,,,358.00001933E-6,0.0,,,,,358.00001933E-6,-160.00001132E-3,
,,,358.19999175E-6,200.00000298E-3,,,,,358.19999175E-6,-184.00001526E-3,
,,,358.39999327E-6,0.0,,,,,358.39999327E-6,-176.00001395E-3,
,,,358.59999480E-6,0.0,,,,,358.59999480E-6,-168.00001264E-3,
,,,358.79999632E-6,-200.00000298E-3,,,,,358.79999632E-6,-144.0000087E-3,
,,,358.99999784E-6,200.00000298E-3,,,,,358.99999784E-6,-168.00001264E-3,
,,,359.19999937E-6,0.0,,,,,359.19999937E-6,-168.00001264E-3,
,,,359.40000089E-6,-200.00000298E-3,,,,,359.40000089E-6,-160.00001132E-3,
,,,359.60000241E-6,0.0,,,,,359.60000241E-6,-152.00001001E-3,
,,,359.80000393E-6,0.0,,,,,359.80000393E-6,-160.00001132E-3,
,,,360.00000546E-6,-200.00000298E-3,,,,,360.00000546E-6,-168.00001264E-3,
,,,360.20000698E-6,-200.00000298E-3,,,,,360.20000698E-6,-160.00001132E-3,
,,,360.40000850E-6,0.0,,,,,360.40000850E-6,-160.00001132E-3,
,,,360.60001003E-6,-200.00000298E-3,,,,,360.60001003E-6,-160.00001132E-3,
,,,360.80001155E-6,0.0,,,,,360.80001155E-6,-152.00001001E-3,
,,,361.00001307E-6,200.00000298E-3,,,,,361.00001307E-6,-160.00001132E-3,
,,,361.20001459E-6,0.0,,,,,361.20001459E-6,-144.0000087E-3,
,,,361.40001612E-6,0.0,,,,,361.40001612E-6,-144.0000087E-3,
,,,361.60001764E-6,0.0,,,,,361.60001764E-6,-152.00001001E-3,
,,,361.80001916E-6,200.00000298E-3,,,,,361.80001916E-6,-160.00001132E-3,
,,,361.99999158E-6,-400.00000596E-3,,,,,361.99999158E-6,-168.00001264E-3,
,,,362.19999311E-6,200.00000298E-3,,,,,362.19999311E-6,-168.00001264E-3,
,,,362.39999463E-6,0.0,,,,,362.39999463E-6,-168.00001264E-3,
,,,362.59999615E-6,200.00000298E-3,,,,,362.59999615E-6,-176.00001395E-3,
,,,362.79999767E-6,0.0,,,,,362.79999767E-6,-160.00001132E-3,
,,,362.99999920E-6,0.0,,,,,362.99999920E-6,-160.00001132E-3,
,,,363.20000072E-6,400.00000596E-3,,,,,363.20000072E-6,-160.00001132E-3,
,,,363.40000224E-6,0.0,,,,,363.40000224E-6,-176.00001395E-3,
,,,363.60000377E-6,0.0,,,,,363.60000377E-6,-168.00001264E-3,
,,,363.80000529E-6,-200.00000298E-3,,,,,363.80000529E-6,-160.00001132E-3,
,,,364.00000681E-6,400.00000596E-3,,,,,364.00000681E-6,-168.00001264E-3,
,,,364.20000833E-6,200.00000298E-3,,,,,364.20000833E-6,-144.0000087E-3,
,,,364.40000986E-6,0.0,,,,,364.40000986E-6,-144.0000087E-3,
,,,364.60001138E-6,-400.00000596E-3,,,,,364.60001138E-6,-152.00001001E-3,
,,,364.80001290E-6,0.0,,,,,364.80001290E-6,-160.00001132E-3,
,,,365.00001443E-6,0.0,,,,,365.00001443E-6,-176.00001395E-3,
,,,365.20001595E-6,200.00000298E-3,,,,,365.20001595E-6,-168.00001264E-3,
,,,365.40001747E-6,-400.00000596E-3,,,,,365.40001747E-6,-168.00001264E-3,
,,,365.60001899E-6,0.0,,,,,365.60001899E-6,-160.00001132E-3,
,,,365.79999141E-6,-200.00000298E-3,,,,,365.79999141E-6,-168.00001264E-3,
,,,365.99999294E-6,-200.00000298E-3,,,,,365.99999294E-6,-152.00001001E-3,
,,,366.19999446E-6,-200.00000298E-3,,,,,366.19999446E-6,-168.00001264E-3,
,,,366.39999598E-6,0.0,,,,,366.39999598E-6,-152.00001001E-3,
,,,366.59999751E-6,-600.000023842E-3,,,,,366.59999751E-6,-152.00001001E-3,
,,,366.79999903E-6,0.0,,,,,366.79999903E-6,-152.00001001E-3,
,,,367.00000055E-6,0.0,,,,,367.00000055E-6,-176.00001395E-3,
,,,367.20000207E-6,0.0,,,,,367.20000207E-6,-168.00001264E-3,
,,,367.40000360E-6,200.00000298E-3,,,,,367.40000360E-6,-160.00001132E-3,
,,,367.60000512E-6,400.00000596E-3,,,,,367.60000512E-6,-176.00001395E-3,
,,,367.80000664E-6,200.00000298E-3,,,,,367.80000664E-6,-152.00001001E-3,
,,,368.00000817E-6,400.00000596E-3,,,,,368.00000817E-6,-144.0000087E-3,
,,,368.20000969E-6,400.00000596E-3,,,,,368.20000969E-6,-176.00001395E-3,
,,,368.40001121E-6,200.00000298E-3,,,,,368.40001121E-6,-168.00001264E-3,
,,,368.60001273E-6,200.00000298E-3,,,,,368.60001273E-6,-168.00001264E-3,
,,,368.80001426E-6,0.0,,,,,368.80001426E-6,-136.0000074E-3,
,,,369.00001578E-6,400.00000596E-3,,,,,369.00001578E-6,-168.00001264E-3,
,,,369.20001730E-6,200.00000298E-3,,,,,369.20001730E-6,-152.00001001E-3,
,,,369.40001883E-6,200.00000298E-3,,,,,369.40001883E-6,-160.00001132E-3,
,,,369.59999125E-6,0.0,,,,,369.59999125E-6,-152.00001001E-3,
,,,369.79999277E-6,200.00000298E-3,,,,,369.79999277E-6,-160.00001132E-3,
,,,369.99999429E-6,200.00000298E-3,,,,,369.99999429E-6,-160.00001132E-3,
,,,370.19999581E-6,-200.00000298E-3,,,,,370.19999581E-6,-176.00001395E-3,
,,,370.39999734E-6,0.0,,,,,370.39999734E-6,-168.00001264E-3,
,,,370.59999886E-6,200.00000298E-3,,,,,370.59999886E-6,-152.00001001E-3,
,,,370.80000038E-6,200.00000298E-3,,,,,370.80000038E-6,-152.00001001E-3,
,,,371.00000191E-6,200.00000298E-3,,,,,371.00000191E-6,-152.00001001E-3,
,,,371.20000343E-6,0.0,,,,,371.20000343E-6,-168.00001264E-3,
,,,371.40000495E-6,0.0,,,,,371.40000495E-6,-152.00001001E-3,
,,,371.60000647E-6,200.00000298E-3,,,,,371.60000647E-6,-168.00001264E-3,
,,,371.80000800E-6,0.0,,,,,371.80000800E-6,-176.00001395E-3,
,,,372.00000952E-6,0.0,,,,,372.00000952E-6,-152.00001001E-3,
,,,372.20001104E-6,0.0,,,,,372.20001104E-6,-176.00001395E-3,
,,,372.40001257E-6,400.00000596E-3,,,,,372.40001257E-6,-160.00001132E-3,
,,,372.60001409E-6,400.00000596E-3,,,,,372.60001409E-6,-168.00001264E-3,
,,,372.80001561E-6,200.00000298E-3,,,,,372.80001561E-6,-176.00001395E-3,
,,,373.00001713E-6,200.00000298E-3,,,,,373.00001713E-6,-160.00001132E-3,
,,,373.20001866E-6,200.00000298E-3,,,,,373.20001866E-6,-176.00001395E-3,
,,,373.39999108E-6,0.0,,,,,373.39999108E-6,-168.00001264E-3,
,,,373.59999260E-6,-200.00000298E-3,,,,,373.59999260E-6,-160.00001132E-3,
,,,373.79999412E-6,400.00000596E-3,,,,,373.79999412E-6,-152.00001001E-3,
,,,373.99999565E-6,400.00000596E-3,,,,,373.99999565E-6,-160.00001132E-3,
,,,374.19999717E-6,0.0,,,,,374.19999717E-6,-160.00001132E-3,
,,,374.39999869E-6,-200.00000298E-3,,,,,374.39999869E-6,-152.00001001E-3,
,,,374.60000021E-6,400.00000596E-3,,,,,374.60000021E-6,-144.0000087E-3,
,,,374.80000174E-6,200.00000298E-3,,,,,374.80000174E-6,-152.00001001E-3,
,,,375.00000326E-6,200.00000298E-3,,,,,375.00000326E-6,-160.00001132E-3,
,,,375.20000478E-6,-400.00000596E-3,,,,,375.20000478E-6,-160.00001132E-3,
,,,375.40000631E-6,0.0,,,,,375.40000631E-6,-144.0000087E-3,
,,,375.60000783E-6,0.0,,,,,375.60000783E-6,-152.00001001E-3,
,,,375.80000935E-6,0.0,,,,,375.80000935E-6,-168.00001264E-3,
,,,376.00001087E-6,400.00000596E-3,,,,,376.00001087E-6,-152.00001001E-3,
,,,376.20001240E-6,0.0,,,,,376.20001240E-6,-152.00001001E-3,
,,,376.40001392E-6,-400.00000596E-3,,,,,376.40001392E-6,-160.00001132E-3,
,,,376.60001544E-6,-200.00000298E-3,,,,,376.60001544E-6,-168.00001264E-3,
,,,376.80001697E-6,0.0,,,,,376.80001697E-6,-168.00001264E-3,
,,,377.00001849E-6,-200.00000298E-3,,,,,377.00001849E-6,-160.00001132E-3,
,,,377.20002001E-6,0.0,,,,,377.20002001E-6,-160.00001132E-3,
,,,377.39999243E-6,200.00000298E-3,,,,,377.39999243E-6,-168.00001264E-3,
,,,377.59999395E-6,0.0,,,,,377.59999395E-6,-160.00001132E-3,
,,,377.79999548E-6,200.00000298E-3,,,,,377.79999548E-6,-160.00001132E-3,
,,,377.99999700E-6,200.00000298E-3,,,,,377.99999700E-6,-160.00001132E-3,
,,,378.19999852E-6,200.00000298E-3,,,,,378.19999852E-6,-168.00001264E-3,
,,,378.40000005E-6,200.00000298E-3,,,,,378.40000005E-6,-168.00001264E-3,
,,,378.60000157E-6,200.00000298E-3,,,,,378.60000157E-6,-144.0000087E-3,
,,,378.80000309E-6,200.00000298E-3,,,,,378.80000309E-6,-160.00001132E-3,
,,,379.00000461E-6,400.00000596E-3,,,,,379.00000461E-6,-160.00001132E-3,
,,,379.20000614E-6,200.00000298E-3,,,,,379.20000614E-6,-152.00001001E-3,
,,,379.40000766E-6,0.0,,,,,379.40000766E-6,-160.00001132E-3,
,,,379.60000918E-6,200.00000298E-3,,,,,379.60000918E-6,-152.00001001E-3,
,,,379.80001071E-6,0.0,,,,,379.80001071E-6,-168.00001264E-3,
,,,380.00001223E-6,0.0,,,,,380.00001223E-6,-160.00001132E-3,
,,,380.20001375E-6,0.0,,,,,380.20001375E-6,-160.00001132E-3,
,,,380.40001527E-6,-400.00000596E-3,,,,,380.40001527E-6,-160.00001132E-3,
,,,380.60001680E-6,0.0,,,,,380.60001680E-6,-168.00001264E-3,
,,,380.80001832E-6,400.00000596E-3,,,,,380.80001832E-6,-160.00001132E-3,
,,,381.00001984E-6,-200.00000298E-3,,,,,381.00001984E-6,-152.00001001E-3,
,,,381.19999226E-6,0.0,,,,,381.19999226E-6,-160.00001132E-3,
,,,381.39999378E-6,200.00000298E-3,,,,,381.39999378E-6,-160.00001132E-3,
,,,381.59999531E-6,200.00000298E-3,,,,,381.59999531E-6,-160.00001132E-3,
,,,381.79999683E-6,-200.00000298E-3,,,,,381.79999683E-6,-176.00001395E-3,
,,,381.99999835E-6,0.0,,,,,381.99999835E-6,-168.00001264E-3,
,,,382.19999988E-6,0.0,,,,,382.19999988E-6,-168.00001264E-3,
,,,382.40000140E-6,200.00000298E-3,,,,,382.40000140E-6,-168.00001264E-3,
,,,382.60000292E-6,0.0,,,,,382.60000292E-6,-152.00001001E-3,
,,,382.80000445E-6,-200.00000298E-3,,,,,382.80000445E-6,-144.0000087E-3,
,,,383.00000597E-6,400.00000596E-3,,,,,383.00000597E-6,-144.0000087E-3,
,,,383.20000749E-6,-200.00000298E-3,,,,,383.20000749E-6,-176.00001395E-3,
,,,383.40000901E-6,0.0,,,,,383.40000901E-6,-168.00001264E-3,
,,,383.60001054E-6,-200.00000298E-3,,,,,383.60001054E-6,-152.00001001E-3,
,,,383.80001206E-6,0.0,,,,,383.80001206E-6,-144.0000087E-3,
,,,384.00001358E-6,400.00000596E-3,,,,,384.00001358E-6,-152.00001001E-3,
,,,384.20001511E-6,400.00000596E-3,,,,,384.20001511E-6,-152.00001001E-3,
,,,384.40001663E-6,-200.00000298E-3,,,,,384.40001663E-6,-152.00001001E-3,
,,,384.60001815E-6,-200.00000298E-3,,,,,384.60001815E-6,-160.00001132E-3,
,,,384.80001967E-6,200.00000298E-3,,,,,384.80001967E-6,-168.00001264E-3,
,,,384.99999209E-6,200.00000298E-3,,,,,384.99999209E-6,-168.00001264E-3,
,,,385.19999362E-6,-200.00000298E-3,,,,,385.19999362E-6,-144.0000087E-3,
,,,385.39999514E-6,0.0,,,,,385.39999514E-6,-136.0000074E-3,
,,,385.59999666E-6,0.0,,,,,385.59999666E-6,-160.00001132E-3,
,,,385.79999818E-6,-200.00000298E-3,,,,,385.79999818E-6,-144.0000087E-3,
,,,385.99999971E-6,0.0,,,,,385.99999971E-6,-144.0000087E-3,
,,,386.20000123E-6,0.0,,,,,386.20000123E-6,-160.00001132E-3,
,,,386.40000275E-6,-200.00000298E-3,,,,,386.40000275E-6,-136.0000074E-3,
,,,386.60000428E-6,-200.00000298E-3,,,,,386.60000428E-6,-160.00001132E-3,
,,,386.80000580E-6,-200.00000298E-3,,,,,386.80000580E-6,-168.00001264E-3,
,,,387.00000732E-6,-200.00000298E-3,,,,,387.00000732E-6,-152.00001001E-3,
,,,387.20000884E-6,400.00000596E-3,,,,,387.20000884E-6,-160.00001132E-3,
,,,387.40001037E-6,400.00000596E-3,,,,,387.40001037E-6,-168.00001264E-3,
,,,387.60001189E-6,200.00000298E-3,,,,,387.60001189E-6,-160.00001132E-3,
,,,387.80001341E-6,200.00000298E-3,,,,,387.80001341E-6,-160.00001132E-3,
,,,388.00001494E-6,400.00000596E-3,,,,,388.00001494E-6,-168.00001264E-3,
,,,388.20001646E-6,200.00000298E-3,,,,,388.20001646E-6,-168.00001264E-3,
,,,388.40001798E-6,0.0,,,,,388.40001798E-6,-168.00001264E-3,
,,,388.60001951E-6,-200.00000298E-3,,,,,388.60001951E-6,-152.00001001E-3,
,,,388.79999192E-6,400.00000596E-3,,,,,388.79999192E-6,-144.0000087E-3,
,,,388.99999345E-6,200.00000298E-3,,,,,388.99999345E-6,-152.00001001E-3,
,,,389.19999497E-6,200.00000298E-3,,,,,389.19999497E-6,-152.00001001E-3,
,,,389.39999649E-6,200.00000298E-3,,,,,389.39999649E-6,-144.0000087E-3,
,,,389.59999802E-6,400.00000596E-3,,,,,389.59999802E-6,-160.00001132E-3,
,,,389.79999954E-6,-200.00000298E-3,,,,,389.79999954E-6,-160.00001132E-3,
,,,390.00000106E-6,0.0,,,,,390.00000106E-6,-160.00001132E-3,
,,,390.20000258E-6,0.0,,,,,390.20000258E-6,-152.00001001E-3,
,,,390.40000411E-6,200.00000298E-3,,,,,390.40000411E-6,-152.00001001E-3,
,,,390.60000563E-6,400.00000596E-3,,,,,390.60000563E-6,-152.00001001E-3,
,,,390.80000715E-6,0.0,,,,,390.80000715E-6,-144.0000087E-3,
,,,391.00000868E-6,0.0,,,,,391.00000868E-6,-168.00001264E-3,
,,,391.20001020E-6,200.00000298E-3,,,,,391.20001020E-6,-152.00001001E-3,
,,,391.40001172E-6,400.00000596E-3,,,,,391.40001172E-6,-152.00001001E-3,
,,,391.60001324E-6,0.0,,,,,391.60001324E-6,-168.00001264E-3,
,,,391.80001477E-6,400.00000596E-3,,,,,391.80001477E-6,-136.0000074E-3,
,,,392.00001629E-6,-200.00000298E-3,,,,,392.00001629E-6,-160.00001132E-3,
,,,392.20001781E-6,400.00000596E-3,,,,,392.20001781E-6,-152.00001001E-3,
,,,392.40001934E-6,200.00000298E-3,,,,,392.40001934E-6,-168.00001264E-3,
,,,392.59999176E-6,200.00000298E-3,,,,,392.59999176E-6,-176.00001395E-3,
,,,392.79999328E-6,0.0,,,,,392.79999328E-6,-168.00001264E-3,
,,,392.99999480E-6,400.00000596E-3,,,,,392.99999480E-6,-168.00001264E-3,
,,,393.19999632E-6,200.00000298E-3,,,,,393.19999632E-6,-176.00001395E-3,
,,,393.39999785E-6,0.0,,,,,393.39999785E-6,-152.00001001E-3,
,,,393.59999937E-6,400.00000596E-3,,,,,393.59999937E-6,-152.00001001E-3,
,,,393.80000089E-6,400.00000596E-3,,,,,393.80000089E-6,-144.0000087E-3,
,,,394.00000242E-6,400.00000596E-3,,,,,394.00000242E-6,-152.00001001E-3,
,,,394.20000394E-6,0.0,,,,,394.20000394E-6,-152.00001001E-3,
,,,394.40000546E-6,0.0,,,,,394.40000546E-6,-144.0000087E-3,
,,,394.60000698E-6,200.00000298E-3,,,,,394.60000698E-6,-152.00001001E-3,
,,,394.80000851E-6,200.00000298E-3,,,,,394.80000851E-6,-168.00001264E-3,
,,,395.00001003E-6,-400.00000596E-3,,,,,395.00001003E-6,-152.00001001E-3,
,,,395.20001155E-6,0.0,,,,,395.20001155E-6,-152.00001001E-3,
,,,395.40001308E-6,200.00000298E-3,,,,,395.40001308E-6,-152.00001001E-3,
,,,395.60001460E-6,0.0,,,,,395.60001460E-6,-152.00001001E-3,
,,,395.80001612E-6,0.0,,,,,395.80001612E-6,-152.00001001E-3,
,,,396.00001764E-6,200.00000298E-3,,,,,396.00001764E-6,-152.00001001E-3,
,,,396.20001917E-6,-200.00000298E-3,,,,,396.20001917E-6,-152.00001001E-3,
,,,396.39999159E-6,-200.00000298E-3,,,,,396.39999159E-6,-160.00001132E-3,
,,,396.59999311E-6,0.0,,,,,396.59999311E-6,-168.00001264E-3,
,,,396.79999463E-6,0.0,,,,,396.79999463E-6,-152.00001001E-3,
,,,396.99999616E-6,200.00000298E-3,,,,,396.99999616E-6,-144.0000087E-3,
,,,397.19999768E-6,200.00000298E-3,,,,,397.19999768E-6,-152.00001001E-3,
,,,397.39999920E-6,400.00000596E-3,,,,,397.39999920E-6,-152.00001001E-3,
,,,397.60000072E-6,200.00000298E-3,,,,,397.60000072E-6,-152.00001001E-3,
,,,397.80000225E-6,0.0,,,,,397.80000225E-6,-152.00001001E-3,
,,,398.00000377E-6,0.0,,,,,398.00000377E-6,-152.00001001E-3,
,,,398.20000529E-6,0.0,,,,,398.20000529E-6,-152.00001001E-3,
,,,398.40000682E-6,0.0,,,,,398.40000682E-6,-152.00001001E-3,
,,,398.60000834E-6,-200.00000298E-3,,,,,398.60000834E-6,-152.00001001E-3,
,,,398.80000986E-6,200.00000298E-3,,,,,398.80000986E-6,-152.00001001E-3,
,,,399.00001138E-6,200.00000298E-3,,,,,399.00001138E-6,-152.00001001E-3,
,,,399.20001291E-6,0.0,,,,,399.20001291E-6,-144.0000087E-3,
,,,399.40001443E-6,200.00000298E-3,,,,,399.40001443E-6,-152.00001001E-3,
,,,399.60001595E-6,0.0,,,,,399.60001595E-6,-152.00001001E-3,
,,,399.80001748E-6,-200.00000298E-3,,,,,399.80001748E-6,-144.0000087E-3,
,,,400.00001900E-6,-200.00000298E-3,,,,,400.00001900E-6,-152.00001001E-3,
,,,400.19999142E-6,0.0,,,,,400.19999142E-6,-160.00001132E-3,
,,,400.39999294E-6,0.0,,,,,400.39999294E-6,-144.0000087E-3,
,,,400.59999446E-6,400.00000596E-3,,,,,400.59999446E-6,-144.0000087E-3,
,,,400.79999599E-6,200.00000298E-3,,,,,400.79999599E-6,-136.0000074E-3,
,,,400.99999751E-6,0.0,,,,,400.99999751E-6,-152.00001001E-3,
,,,401.19999903E-6,400.00000596E-3,,,,,401.19999903E-6,-144.0000087E-3,
,,,401.40000056E-6,200.00000298E-3,,,,,401.40000056E-6,-160.00001132E-3,
,,,401.60000208E-6,-200.00000298E-3,,,,,401.60000208E-6,-160.00001132E-3,
,,,401.80000360E-6,0.0,,,,,401.80000360E-6,-152.00001001E-3,
,,,402.00000512E-6,200.00000298E-3,,,,,402.00000512E-6,-160.00001132E-3,
,,,402.20000665E-6,400.00000596E-3,,,,,402.20000665E-6,-160.00001132E-3,
,,,402.40000817E-6,200.00000298E-3,,,,,402.40000817E-6,-160.00001132E-3,
,,,402.60000969E-6,-200.00000298E-3,,,,,402.60000969E-6,-160.00001132E-3,
,,,402.80001122E-6,200.00000298E-3,,,,,402.80001122E-6,-144.0000087E-3,
,,,403.00001274E-6,-200.00000298E-3,,,,,403.00001274E-6,-168.00001264E-3,
,,,403.20001426E-6,0.0,,,,,403.20001426E-6,-168.00001264E-3,
,,,403.40001578E-6,0.0,,,,,403.40001578E-6,-144.0000087E-3,
,,,403.600017307E-6,0.0,,,,,403.600017307E-6,-144.0000087E-3,
,,,403.800018830E-6,400.00000596E-3,,,,,403.800018830E-6,-144.0000087E-3,
,,,404.000020353E-6,200.00000298E-3,,,,,404.000020353E-6,-144.0000087E-3,
,,,404.199992772E-6,0.0,,,,,404.199992772E-6,-152.00001001E-3,
,,,404.399994295E-6,200.00000298E-3,,,,,404.399994295E-6,-136.0000074E-3,
,,,404.599995818E-6,200.00000298E-3,,,,,404.599995818E-6,-168.00001264E-3,
,,,404.799997341E-6,0.0,,,,,404.799997341E-6,-152.00001001E-3,
,,,404.999998864E-6,-400.00000596E-3,,,,,404.999998864E-6,-152.00001001E-3,
,,,405.200000387E-6,-200.00000298E-3,,,,,405.200000387E-6,-144.0000087E-3,
,,,405.400001910E-6,-200.00000298E-3,,,,,405.400001910E-6,-160.00001132E-3,
,,,405.600003432E-6,0.0,,,,,405.600003432E-6,-144.0000087E-3,
,,,405.800004955E-6,0.0,,,,,405.800004955E-6,-152.00001001E-3,
,,,406.000006478E-6,0.0,,,,,406.000006478E-6,-144.0000087E-3,
,,,406.200008001E-6,-400.00000596E-3,,,,,406.200008001E-6,-144.0000087E-3,
,,,406.400009524E-6,200.00000298E-3,,,,,406.400009524E-6,-152.00001001E-3,
,,,406.600011047E-6,-400.00000596E-3,,,,,406.600011047E-6,-160.00001132E-3,
,,,406.800012570E-6,200.00000298E-3,,,,,406.800012570E-6,-136.0000074E-3,
,,,407.000014093E-6,400.00000596E-3,,,,,407.000014093E-6,-152.00001001E-3,
,,,407.200015616E-6,200.00000298E-3,,,,,407.200015616E-6,-160.00001132E-3,
,,,407.400017139E-6,200.00000298E-3,,,,,407.400017139E-6,-144.0000087E-3,
,,,407.600018661E-6,200.00000298E-3,,,,,407.600018661E-6,-152.00001001E-3,
,,,407.800020184E-6,400.00000596E-3,,,,,407.800020184E-6,-160.00001132E-3,
,,,407.999992603E-6,200.00000298E-3,,,,,407.999992603E-6,-160.00001132E-3,
,,,408.199994126E-6,0.0,,,,,408.199994126E-6,-152.00001001E-3,
,,,408.399995649E-6,0.0,,,,,408.399995649E-6,-136.0000074E-3,
,,,408.599997172E-6,400.00000596E-3,,,,,408.599997172E-6,-160.00001132E-3,
,,,408.799998695E-6,200.00000298E-3,,,,,408.799998695E-6,-144.0000087E-3,
,,,409.000000218E-6,0.0,,,,,409.000000218E-6,-136.0000074E-3,
,,,409.200001741E-6,0.0,,,,,409.200001741E-6,-136.0000074E-3,
,,,409.400003264E-6,400.00000596E-3,,,,,409.400003264E-6,-152.00001001E-3,
,,,409.600004787E-6,200.00000298E-3,,,,,409.600004787E-6,-160.00001132E-3,
,,,409.800006310E-6,-200.00000298E-3,,,,,409.800006310E-6,-160.00001132E-3,
,,,410.000007832E-6,0.0,,,,,410.000007832E-6,-144.0000087E-3,
,,,410.200009355E-6,0.0,,,,,410.200009355E-6,-144.0000087E-3,
,,,410.400010878E-6,400.00000596E-3,,,,,410.400010878E-6,-136.0000074E-3,
,,,410.600012401E-6,200.00000298E-3,,,,,410.600012401E-6,-152.00001001E-3,
,,,410.800013924E-6,-200.00000298E-3,,,,,410.800013924E-6,-152.00001001E-3,
,,,411.000015447E-6,400.00000596E-3,,,,,411.000015447E-6,-152.00001001E-3,
,,,411.200016970E-6,200.00000298E-3,,,,,411.200016970E-6,-168.00001264E-3,
,,,411.400018493E-6,0.0,,,,,411.400018493E-6,-152.00001001E-3,
,,,411.600020016E-6,200.00000298E-3,,,,,411.600020016E-6,-136.0000074E-3,
,,,411.799992435E-6,200.00000298E-3,,,,,411.799992435E-6,-144.0000087E-3,
,,,411.999993958E-6,400.00000596E-3,,,,,411.999993958E-6,-152.00001001E-3,
,,,412.199995480E-6,200.00000298E-3,,,,,412.199995480E-6,-144.0000087E-3,
,,,412.399997003E-6,200.00000298E-3,,,,,412.399997003E-6,-152.00001001E-3,
,,,412.599998526E-6,200.00000298E-3,,,,,412.599998526E-6,-152.00001001E-3,
,,,412.800000049E-6,600.000023842E-3,,,,,412.800000049E-6,-152.00001001E-3,
,,,413.000001572E-6,200.00000298E-3,,,,,413.000001572E-6,-152.00001001E-3,
,,,413.200003095E-6,0.0,,,,,413.200003095E-6,-136.0000074E-3,
,,,413.400004618E-6,200.00000298E-3,,,,,413.400004618E-6,-152.00001001E-3,
,,,413.600006141E-6,400.00000596E-3,,,,,413.600006141E-6,-136.0000074E-3,
,,,413.800007664E-6,400.00000596E-3,,,,,413.800007664E-6,-144.0000087E-3,
,,,414.000009187E-6,-400.00000596E-3,,,,,414.000009187E-6,-144.0000087E-3,
,,,414.200010709E-6,200.00000298E-3,,,,,414.200010709E-6,-144.0000087E-3,
,,,414.400012232E-6,200.00000298E-3,,,,,414.400012232E-6,-144.0000087E-3,
,,,414.600013755E-6,0.0,,,,,414.600013755E-6,-144.0000087E-3,
,,,414.800015278E-6,-400.00000596E-3,,,,,414.800015278E-6,-152.00001001E-3,
,,,415.000016801E-6,-200.00000298E-3,,,,,415.000016801E-6,-128.0000061E-3,
,,,415.200018324E-6,0.0,,,,,415.200018324E-6,-128.0000061E-3,
,,,415.400019847E-6,0.0,,,,,415.400019847E-6,-144.0000087E-3,
,,,415.599992266E-6,0.0,,,,,415.599992266E-6,-128.0000061E-3,
,,,415.799993789E-6,200.00000298E-3,,,,,415.799993789E-6,-144.0000087E-3,
,,,415.999995312E-6,-200.00000298E-3,,,,,415.999995312E-6,-136.0000074E-3,
,,,416.199996835E-6,0.0,,,,,416.199996835E-6,-152.00001001E-3,
,,,416.399998358E-6,0.0,,,,,416.399998358E-6,-160.00001132E-3,
,,,416.599999880E-6,-200.00000298E-3,,,,,416.599999880E-6,-128.0000061E-3,
,,,416.800001403E-6,200.00000298E-3,,,,,416.800001403E-6,-152.00001001E-3,
,,,417.000002926E-6,200.00000298E-3,,,,,417.000002926E-6,-144.0000087E-3,
,,,417.200004449E-6,200.00000298E-3,,,,,417.200004449E-6,-136.0000074E-3,
,,,417.400005972E-6,400.00000596E-3,,,,,417.400005972E-6,-144.0000087E-3,
,,,417.600007495E-6,200.00000298E-3,,,,,417.600007495E-6,-152.00001001E-3,
,,,417.800009018E-6,200.00000298E-3,,,,,417.800009018E-6,-152.00001001E-3,
,,,418.000010541E-6,-200.00000298E-3,,,,,418.000010541E-6,-144.0000087E-3,
,,,418.200012064E-6,0.0,,,,,418.200012064E-6,-136.0000074E-3,
,,,418.400013587E-6,0.0,,,,,418.400013587E-6,-128.0000061E-3,
,,,418.600015109E-6,200.00000298E-3,,,,,418.600015109E-6,-144.0000087E-3,
,,,418.800016632E-6,400.00000596E-3,,,,,418.800016632E-6,-128.0000061E-3,
,,,419.000018155E-6,200.00000298E-3,,,,,419.000018155E-6,-136.0000074E-3,
,,,419.200019678E-6,200.00000298E-3,,,,,419.200019678E-6,-136.0000074E-3,
,,,419.399992097E-6,0.0,,,,,419.399992097E-6,-136.0000074E-3,
,,,419.599993620E-6,-200.00000298E-3,,,,,419.599993620E-6,-136.0000074E-3,
,,,419.799995143E-6,-200.00000298E-3,,,,,419.799995143E-6,-136.0000074E-3,
,,,419.999996666E-6,-400.00000596E-3,,,,,419.999996666E-6,-136.0000074E-3,
,,,420.199998189E-6,-200.00000298E-3,,,,,420.199998189E-6,-136.0000074E-3,
,,,420.399999712E-6,0.0,,,,,420.399999712E-6,-144.0000087E-3,
,,,420.600001235E-6,200.00000298E-3,,,,,420.600001235E-6,-128.0000061E-3,
,,,420.800002757E-6,-200.00000298E-3,,,,,420.800002757E-6,-144.0000087E-3,
,,,421.000004280E-6,-200.00000298E-3,,,,,421.000004280E-6,-144.0000087E-3,
,,,421.200005803E-6,-200.00000298E-3,,,,,421.200005803E-6,-144.0000087E-3,
,,,421.400007326E-6,0.0,,,,,421.400007326E-6,-152.00001001E-3,
,,,421.600008849E-6,0.0,,,,,421.600008849E-6,-152.00001001E-3,
,,,421.800010372E-6,0.0,,,,,421.800010372E-6,-136.0000074E-3,
,,,422.000011895E-6,600.000023842E-3,,,,,422.000011895E-6,-136.0000074E-3,
,,,422.200013418E-6,0.0,,,,,422.200013418E-6,-136.0000074E-3,
,,,422.400014941E-6,-200.00000298E-3,,,,,422.400014941E-6,-144.0000087E-3,
,,,422.600016464E-6,400.00000596E-3,,,,,422.600016464E-6,-136.0000074E-3,
,,,422.800017986E-6,-200.00000298E-3,,,,,422.800017986E-6,-144.0000087E-3,
,,,423.000019509E-6,0.0,,,,,423.000019509E-6,-160.00001132E-3,
,,,423.199991928E-6,0.0,,,,,423.199991928E-6,-136.0000074E-3,
,,,423.399993451E-6,200.00000298E-3,,,,,423.399993451E-6,-152.00001001E-3,
,,,423.599994974E-6,200.00000298E-3,,,,,423.599994974E-6,-136.0000074E-3,
,,,423.799996497E-6,0.0,,,,,423.799996497E-6,-144.0000087E-3,
,,,423.999998020E-6,-200.00000298E-3,,,,,423.999998020E-6,-136.0000074E-3,
,,,424.199999543E-6,0.0,,,,,424.199999543E-6,-136.0000074E-3,
,,,424.400001066E-6,200.00000298E-3,,,,,424.400001066E-6,-160.00001132E-3,
,,,424.600002589E-6,0.0,,,,,424.600002589E-6,-144.0000087E-3,
,,,424.800004112E-6,-400.00000596E-3,,,,,424.800004112E-6,-128.0000061E-3,
,,,425.000005635E-6,-200.00000298E-3,,,,,425.000005635E-6,-128.0000061E-3,
,,,425.200007157E-6,-200.00000298E-3,,,,,425.200007157E-6,-136.0000074E-3,
,,,425.400008680E-6,-200.00000298E-3,,,,,425.400008680E-6,-120.0000048E-3,
,,,425.600010203E-6,-200.00000298E-3,,,,,425.600010203E-6,-128.0000061E-3,
,,,425.800011726E-6,-200.00000298E-3,,,,,425.800011726E-6,-136.0000074E-3,
,,,426.000013249E-6,-200.00000298E-3,,,,,426.000013249E-6,-120.0000048E-3,
,,,426.200014772E-6,-200.00000298E-3,,,,,426.200014772E-6,-112.0000035E-3,
,,,426.400016295E-6,-400.00000596E-3,,,,,426.400016295E-6,-144.0000087E-3,
,,,426.600017818E-6,0.0,,,,,426.600017818E-6,-144.0000087E-3,
,,,426.800019341E-6,200.00000298E-3,,,,,426.800019341E-6,-136.0000074E-3,
,,,426.999991760E-6,200.00000298E-3,,,,,426.999991760E-6,-152.00001001E-3,
,,,427.199993283E-6,-200.00000298E-3,,,,,427.199993283E-6,-144.0000087E-3,
,,,427.399994805E-6,200.00000298E-3,,,,,427.399994805E-6,-152.00001001E-3,
,,,427.599996328E-6,400.00000596E-3,,,,,427.599996328E-6,-144.0000087E-3,
,,,427.799997851E-6,200.00000298E-3,,,,,427.799997851E-6,-152.00001001E-3,
,,,427.999999374E-6,200.00000298E-3,,,,,427.999999374E-6,-144.0000087E-3,
,,,428.200000897E-6,0.0,,,,,428.200000897E-6,-128.0000061E-3,
,,,428.400002420E-6,200.00000298E-3,,,,,428.400002420E-6,-136.0000074E-3,
,,,428.600003943E-6,400.00000596E-3,,,,,428.600003943E-6,-144.0000087E-3,
,,,428.800005466E-6,200.00000298E-3,,,,,428.800005466E-6,-136.0000074E-3,
,,,429.000006989E-6,0.0,,,,,429.000006989E-6,-136.0000074E-3,
,,,429.200008512E-6,400.00000596E-3,,,,,429.200008512E-6,-136.0000074E-3,
,,,429.400010034E-6,-200.00000298E-3,,,,,429.400010034E-6,-136.0000074E-3,
,,,429.600011557E-6,-400.00000596E-3,,,,,429.600011557E-6,-136.0000074E-3,
,,,429.800013080E-6,0.0,,,,,429.800013080E-6,-128.0000061E-3,
,,,430.000014603E-6,0.0,,,,,430.000014603E-6,-128.0000061E-3,
,,,430.200016126E-6,200.00000298E-3,,,,,430.200016126E-6,-128.0000061E-3,
,,,430.400017649E-6,200.00000298E-3,,,,,430.400017649E-6,-128.0000061E-3,
,,,430.600019172E-6,0.0,,,,,430.600019172E-6,-136.0000074E-3,
,,,430.800020695E-6,200.00000298E-3,,,,,430.800020695E-6,-136.0000074E-3,
,,,430.999993114E-6,0.0,,,,,430.999993114E-6,-144.0000087E-3,
,,,431.199994637E-6,-200.00000298E-3,,,,,431.199994637E-6,-136.0000074E-3,
,,,431.399996160E-6,200.00000298E-3,,,,,431.399996160E-6,-136.0000074E-3,
,,,431.599997682E-6,-200.00000298E-3,,,,,431.599997682E-6,-144.0000087E-3,
,,,431.799999205E-6,200.00000298E-3,,,,,431.799999205E-6,-136.0000074E-3,
,,,432.000000728E-6,200.00000298E-3,,,,,432.000000728E-6,-152.00001001E-3,
,,,432.200002251E-6,200.00000298E-3,,,,,432.200002251E-6,-144.0000087E-3,
,,,432.400003774E-6,0.0,,,,,432.400003774E-6,-136.0000074E-3,
,,,432.600005297E-6,400.00000596E-3,,,,,432.600005297E-6,-152.00001001E-3,
,,,432.800006820E-6,200.00000298E-3,,,,,432.800006820E-6,-152.00001001E-3,
,,,433.000008343E-6,0.0,,,,,433.000008343E-6,-128.0000061E-3,
,,,433.200009866E-6,400.00000596E-3,,,,,433.200009866E-6,-128.0000061E-3,
,,,433.400011389E-6,600.000023842E-3,,,,,433.400011389E-6,-136.0000074E-3,
,,,433.600012911E-6,600.000023842E-3,,,,,433.600012911E-6,-136.0000074E-3,
,,,433.800014434E-6,0.0,,,,,433.800014434E-6,-136.0000074E-3,
,,,434.000015957E-6,0.0,,,,,434.000015957E-6,-136.0000074E-3,
,,,434.200017480E-6,400.00000596E-3,,,,,434.200017480E-6,-136.0000074E-3,
,,,434.400019003E-6,200.00000298E-3,,,,,434.400019003E-6,-152.00001001E-3,
,,,434.600020526E-6,-200.00000298E-3,,,,,434.600020526E-6,-152.00001001E-3,
,,,434.799992945E-6,200.00000298E-3,,,,,434.799992945E-6,-136.0000074E-3,
,,,434.999994468E-6,200.00000298E-3,,,,,434.999994468E-6,-144.0000087E-3,
,,,435.199995991E-6,-200.00000298E-3,,,,,435.199995991E-6,-136.0000074E-3,
,,,435.399997514E-6,200.00000298E-3,,,,,435.399997514E-6,-152.00001001E-3,
,,,435.599999037E-6,0.0,,,,,435.599999037E-6,-136.0000074E-3,
,,,435.800000560E-6,-200.00000298E-3,,,,,435.800000560E-6,-160.00001132E-3,
,,,436.000002082E-6,-200.00000298E-3,,,,,436.000002082E-6,-160.00001132E-3,
,,,436.200003605E-6,0.0,,,,,436.200003605E-6,-152.00001001E-3,
,,,436.400005128E-6,200.00000298E-3,,,,,436.400005128E-6,-136.0000074E-3,
,,,436.600006651E-6,200.00000298E-3,,,,,436.600006651E-6,-136.0000074E-3,
,,,436.800008174E-6,-200.00000298E-3,,,,,436.800008174E-6,-136.0000074E-3,
,,,437.000009697E-6,200.00000298E-3,,,,,437.000009697E-6,-136.0000074E-3,
,,,437.200011220E-6,0.0,,,,,437.200011220E-6,-144.0000087E-3,
,,,437.400012743E-6,400.00000596E-3,,,,,437.400012743E-6,-144.0000087E-3,
,,,437.600014266E-6,200.00000298E-3,,,,,437.600014266E-6,-152.00001001E-3,
,,,437.800015789E-6,0.0,,,,,437.800015789E-6,-136.0000074E-3,
,,,438.000017311E-6,0.0,,,,,438.000017311E-6,-128.0000061E-3,
,,,438.200018834E-6,200.00000298E-3,,,,,438.200018834E-6,-136.0000074E-3,
,,,438.400020357E-6,0.0,,,,,438.400020357E-6,-144.0000087E-3,
,,,438.599992776E-6,200.00000298E-3,,,,,438.599992776E-6,-136.0000074E-3,
,,,438.799994299E-6,200.00000298E-3,,,,,438.799994299E-6,-136.0000074E-3,
,,,438.999995822E-6,0.0,,,,,438.999995822E-6,-128.0000061E-3,
,,,439.199997345E-6,0.0,,,,,439.199997345E-6,-136.0000074E-3,
,,,439.399998868E-6,-200.00000298E-3,,,,,439.399998868E-6,-144.0000087E-3,
,,,439.600000391E-6,-200.00000298E-3,,,,,439.600000391E-6,-136.0000074E-3,
,,,439.800001914E-6,-400.00000596E-3,,,,,439.800001914E-6,-136.0000074E-3,
,,,440.000003437E-6,0.0,,,,,440.000003437E-6,-136.0000074E-3,
,,,440.200004959E-6,200.00000298E-3,,,,,440.200004959E-6,-136.0000074E-3,
,,,440.400006482E-6,200.00000298E-3,,,,,440.400006482E-6,-136.0000074E-3,
,,,440.600008005E-6,0.0,,,,,440.600008005E-6,-136.0000074E-3,
,,,440.800009528E-6,200.00000298E-3,,,,,440.800009528E-6,-136.0000074E-3,
,,,441.000011051E-6,200.00000298E-3,,,,,441.000011051E-6,-136.0000074E-3,
,,,441.200012574E-6,-400.00000596E-3,,,,,441.200012574E-6,-144.0000087E-3,
,,,441.400014097E-6,0.0,,,,,441.400014097E-6,-136.0000074E-3,
,,,441.600015620E-6,200.00000298E-3,,,,,441.600015620E-6,-144.0000087E-3,
,,,441.800017143E-6,200.00000298E-3,,,,,441.800017143E-6,-144.0000087E-3,
,,,442.000018666E-6,0.0,,,,,442.000018666E-6,-144.0000087E-3,
,,,442.200020188E-6,0.0,,,,,442.200020188E-6,-144.0000087E-3,
,,,442.399992608E-6,400.00000596E-3,,,,,442.399992608E-6,-136.0000074E-3,
,,,442.599994130E-6,0.0,,,,,442.599994130E-6,-160.00001132E-3,
,,,442.799995653E-6,0.0,,,,,442.799995653E-6,-152.00001001E-3,
,,,442.999997176E-6,-200.00000298E-3,,,,,442.999997176E-6,-128.0000061E-3,
,,,443.199998699E-6,200.00000298E-3,,,,,443.199998699E-6,-136.0000074E-3,
,,,443.400000222E-6,200.00000298E-3,,,,,443.400000222E-6,-136.0000074E-3,
,,,443.600001745E-6,200.00000298E-3,,,,,443.600001745E-6,-136.0000074E-3,
,,,443.800003268E-6,0.0,,,,,443.800003268E-6,-128.0000061E-3,
,,,444.000004791E-6,-200.00000298E-3,,,,,444.000004791E-6,-136.0000074E-3,
,,,444.200006314E-6,-200.00000298E-3,,,,,444.200006314E-6,-152.00001001E-3,
,,,444.400007837E-6,400.00000596E-3,,,,,444.400007837E-6,-136.0000074E-3,
,,,444.600009359E-6,-200.00000298E-3,,,,,444.600009359E-6,-136.0000074E-3,
,,,444.800010882E-6,-200.00000298E-3,,,,,444.800010882E-6,-128.0000061E-3,
,,,445.000012405E-6,0.0,,,,,445.000012405E-6,-128.0000061E-3,
,,,445.200013928E-6,-200.00000298E-3,,,,,445.200013928E-6,-136.0000074E-3,
,,,445.400015451E-6,-400.00000596E-3,,,,,445.400015451E-6,-120.0000048E-3,
,,,445.600016974E-6,-200.00000298E-3,,,,,445.600016974E-6,-128.0000061E-3,
,,,445.800018497E-6,-200.00000298E-3,,,,,445.800018497E-6,-128.0000061E-3,
,,,446.000020020E-6,-200.00000298E-3,,,,,446.000020020E-6,-144.0000087E-3,
,,,446.199992439E-6,-200.00000298E-3,,,,,446.199992439E-6,-152.00001001E-3,
,,,446.399993962E-6,-200.00000298E-3,,,,,446.399993962E-6,-136.0000074E-3,
,,,446.599995485E-6,400.00000596E-3,,,,,446.599995485E-6,-160.00001132E-3,
,,,446.799997007E-6,200.00000298E-3,,,,,446.799997007E-6,-152.00001001E-3,
,,,446.999998530E-6,200.00000298E-3,,,,,446.999998530E-6,-136.0000074E-3,
,,,447.200000053E-6,200.00000298E-3,,,,,447.200000053E-6,-144.0000087E-3,
,,,447.400001576E-6,400.00000596E-3,,,,,447.400001576E-6,-144.0000087E-3,
,,,447.600003099E-6,200.00000298E-3,,,,,447.600003099E-6,-136.0000074E-3,
,,,447.800004622E-6,-200.00000298E-3,,,,,447.800004622E-6,-144.0000087E-3,
,,,448.000006145E-6,200.00000298E-3,,,,,448.000006145E-6,-128.0000061E-3,
,,,448.200007668E-6,200.00000298E-3,,,,,448.200007668E-6,-144.0000087E-3,
,,,448.400009191E-6,200.00000298E-3,,,,,448.400009191E-6,-128.0000061E-3,
,,,448.600010714E-6,-200.00000298E-3,,,,,448.600010714E-6,-128.0000061E-3,
,,,448.800012236E-6,-200.00000298E-3,,,,,448.800012236E-6,-144.0000087E-3,
,,,449.000013759E-6,400.00000596E-3,,,,,449.000013759E-6,-136.0000074E-3,
,,,449.200015282E-6,-200.00000298E-3,,,,,449.200015282E-6,-136.0000074E-3,
,,,449.400016805E-6,-200.00000298E-3,,,,,449.400016805E-6,-152.00001001E-3,
,,,449.600018328E-6,0.0,,,,,449.600018328E-6,-136.0000074E-3,
,,,449.800019851E-6,0.0,,,,,449.800019851E-6,-136.0000074E-3,
,,,449.999992270E-6,200.00000298E-3,,,,,449.999992270E-6,-136.0000074E-3,
,,,450.199993793E-6,200.00000298E-3,,,,,450.199993793E-6,-128.0000061E-3,
,,,450.399995316E-6,-400.00000596E-3,,,,,450.399995316E-6,-144.0000087E-3,
,,,450.599996839E-6,200.00000298E-3,,,,,450.599996839E-6,-128.0000061E-3,
,,,450.799998362E-6,0.0,,,,,450.799998362E-6,-144.0000087E-3,
,,,450.999999885E-6,0.0,,,,,450.999999885E-6,-152.00001001E-3,
,,,451.200001407E-6,0.0,,,,,451.200001407E-6,-136.0000074E-3,
,,,451.400002930E-6,0.0,,,,,451.400002930E-6,-144.0000087E-3,
,,,451.600004453E-6,200.00000298E-3,,,,,451.600004453E-6,-144.0000087E-3,
,,,451.800005976E-6,200.00000298E-3,,,,,451.800005976E-6,-144.0000087E-3,
,,,452.000007499E-6,0.0,,,,,452.000007499E-6,-144.0000087E-3,
,,,452.200009022E-6,0.0,,,,,452.200009022E-6,-144.0000087E-3,
,,,452.400010545E-6,200.00000298E-3,,,,,452.400010545E-6,-136.0000074E-3,
,,,452.600012068E-6,200.00000298E-3,,,,,452.600012068E-6,-144.0000087E-3,
,,,452.800013591E-6,0.0,,,,,452.800013591E-6,-144.0000087E-3,
,,,453.000015114E-6,400.00000596E-3,,,,,453.000015114E-6,-136.0000074E-3,
,,,453.200016636E-6,200.00000298E-3,,,,,453.200016636E-6,-128.0000061E-3,
,,,453.400018159E-6,400.00000596E-3,,,,,453.400018159E-6,-144.0000087E-3,
,,,453.600019682E-6,200.00000298E-3,,,,,453.600019682E-6,-136.0000074E-3,
,,,453.799992101E-6,200.00000298E-3,,,,,453.799992101E-6,-136.0000074E-3,
,,,453.999993624E-6,400.00000596E-3,,,,,453.999993624E-6,-136.0000074E-3,
,,,454.199995147E-6,0.0,,,,,454.199995147E-6,-136.0000074E-3,
,,,454.399996670E-6,-600.000023842E-3,,,,,454.399996670E-6,-152.00001001E-3,
,,,454.599998193E-6,-200.00000298E-3,,,,,454.599998193E-6,-128.0000061E-3,
,,,454.799999716E-6,200.00000298E-3,,,,,454.799999716E-6,-144.0000087E-3,
,,,455.000001239E-6,-400.00000596E-3,,,,,455.000001239E-6,-152.00001001E-3,
,,,455.200002762E-6,0.0,,,,,455.200002762E-6,-144.0000087E-3,
,,,455.400004284E-6,200.00000298E-3,,,,,455.400004284E-6,-144.0000087E-3,
,,,455.600005807E-6,0.0,,,,,455.600005807E-6,-144.0000087E-3,
,,,455.800007330E-6,-200.00000298E-3,,,,,455.800007330E-6,-160.00001132E-3,
,,,456.000008853E-6,200.00000298E-3,,,,,456.000008853E-6,-152.00001001E-3,
,,,456.200010376E-6,0.0,,,,,456.200010376E-6,-136.0000074E-3,
,,,456.400011899E-6,200.00000298E-3,,,,,456.400011899E-6,-144.0000087E-3,
,,,456.600013422E-6,200.00000298E-3,,,,,456.600013422E-6,-136.0000074E-3,
,,,456.800014945E-6,400.00000596E-3,,,,,456.800014945E-6,-144.0000087E-3,
,,,457.000016468E-6,400.00000596E-3,,,,,457.000016468E-6,-152.00001001E-3,
,,,457.200017991E-6,200.00000298E-3,,,,,457.200017991E-6,-152.00001001E-3,
,,,457.400019513E-6,0.0,,,,,457.400019513E-6,-152.00001001E-3,
,,,457.599991933E-6,0.0,,,,,457.599991933E-6,-144.0000087E-3,
,,,457.799993455E-6,0.0,,,,,457.799993455E-6,-144.0000087E-3,
,,,457.999994978E-6,200.00000298E-3,,,,,457.999994978E-6,-136.0000074E-3,
,,,458.199996501E-6,200.00000298E-3,,,,,458.199996501E-6,-144.0000087E-3,
,,,458.399998024E-6,200.00000298E-3,,,,,458.399998024E-6,-136.0000074E-3,
,,,458.599999547E-6,0.0,,,,,458.599999547E-6,-136.0000074E-3,
,,,458.800001070E-6,-200.00000298E-3,,,,,458.800001070E-6,-144.0000087E-3,
,,,459.000002593E-6,0.0,,,,,459.000002593E-6,-152.00001001E-3,
,,,459.200004116E-6,-600.000023842E-3,,,,,459.200004116E-6,-144.0000087E-3,
,,,459.400005639E-6,0.0,,,,,459.400005639E-6,-160.00001132E-3,
,,,459.600007161E-6,-200.00000298E-3,,,,,459.600007161E-6,-152.00001001E-3,
,,,459.800008684E-6,0.0,,,,,459.800008684E-6,-160.00001132E-3,
,,,460.000010207E-6,200.00000298E-3,,,,,460.000010207E-6,-136.0000074E-3,
,,,460.200011730E-6,200.00000298E-3,,,,,460.200011730E-6,-136.0000074E-3,
,,,460.400013253E-6,0.0,,,,,460.400013253E-6,-136.0000074E-3,
,,,460.600014776E-6,400.00000596E-3,,,,,460.600014776E-6,-136.0000074E-3,
,,,460.800016299E-6,200.00000298E-3,,,,,460.800016299E-6,-144.0000087E-3,
,,,461.000017822E-6,-200.00000298E-3,,,,,461.000017822E-6,-144.0000087E-3,
,,,461.200019345E-6,400.00000596E-3,,,,,461.200019345E-6,-152.00001001E-3,
,,,461.400020868E-6,200.00000298E-3,,,,,461.400020868E-6,-160.00001132E-3,
,,,461.599993287E-6,400.00000596E-3,,,,,461.599993287E-6,-136.0000074E-3,
,,,461.799994810E-6,0.0,,,,,461.799994810E-6,-144.0000087E-3,
,,,461.999996332E-6,-200.00000298E-3,,,,,461.999996332E-6,-136.0000074E-3,
,,,462.199997855E-6,400.00000596E-3,,,,,462.199997855E-6,-144.0000087E-3,
,,,462.399999378E-6,0.0,,,,,462.399999378E-6,-152.00001001E-3,
,,,462.600000901E-6,0.0,,,,,462.600000901E-6,-152.00001001E-3,
,,,462.800002424E-6,-200.00000298E-3,,,,,462.800002424E-6,-144.0000087E-3,
,,,463.000003947E-6,200.00000298E-3,,,,,463.000003947E-6,-144.0000087E-3,
,,,463.200005470E-6,200.00000298E-3,,,,,463.200005470E-6,-136.0000074E-3,
,,,463.400006993E-6,0.0,,,,,463.400006993E-6,-144.0000087E-3,
,,,463.600008516E-6,0.0,,,,,463.600008516E-6,-136.0000074E-3,
,,,463.800010039E-6,-200.00000298E-3,,,,,463.800010039E-6,-136.0000074E-3,
,,,464.000011561E-6,400.00000596E-3,,,,,464.000011561E-6,-168.00001264E-3,
,,,464.200013084E-6,400.00000596E-3,,,,,464.200013084E-6,-160.00001132E-3,
,,,464.400014607E-6,-400.00000596E-3,,,,,464.400014607E-6,-136.0000074E-3,
,,,464.600016130E-6,0.0,,,,,464.600016130E-6,-136.0000074E-3,
,,,464.800017653E-6,-200.00000298E-3,,,,,464.800017653E-6,-136.0000074E-3,
,,,465.000019176E-6,-200.00000298E-3,,,,,465.000019176E-6,-128.0000061E-3,
,,,465.200020699E-6,-200.00000298E-3,,,,,465.200020699E-6,-128.0000061E-3,
,,,465.399993118E-6,0.0,,,,,465.399993118E-6,-136.0000074E-3,
,,,465.599994641E-6,0.0,,,,,465.599994641E-6,-144.0000087E-3,
,,,465.799996164E-6,0.0,,,,,465.799996164E-6,-144.0000087E-3,
,,,465.999997687E-6,-200.00000298E-3,,,,,465.999997687E-6,-144.0000087E-3,
,,,466.199999209E-6,200.00000298E-3,,,,,466.199999209E-6,-152.00001001E-3,
,,,466.400000732E-6,200.00000298E-3,,,,,466.400000732E-6,-144.0000087E-3,
,,,466.600002255E-6,200.00000298E-3,,,,,466.600002255E-6,-160.00001132E-3,
,,,466.800003778E-6,200.00000298E-3,,,,,466.800003778E-6,-144.0000087E-3,
,,,467.000005301E-6,200.00000298E-3,,,,,467.000005301E-6,-136.0000074E-3,
,,,467.200006824E-6,400.00000596E-3,,,,,467.200006824E-6,-152.00001001E-3,
,,,467.400008347E-6,0.0,,,,,467.400008347E-6,-144.0000087E-3,
,,,467.600009870E-6,0.0,,,,,467.600009870E-6,-160.00001132E-3,
,,,467.800011393E-6,0.0,,,,,467.800011393E-6,-128.0000061E-3,
,,,468.000012916E-6,400.00000596E-3,,,,,468.000012916E-6,-136.0000074E-3,
,,,468.200014438E-6,0.0,,,,,468.200014438E-6,-120.0000048E-3,
,,,468.400015961E-6,0.0,,,,,468.400015961E-6,-136.0000074E-3,
,,,468.600017484E-6,0.0,,,,,468.600017484E-6,-128.0000061E-3,
,,,468.800019007E-6,200.00000298E-3,,,,,468.800019007E-6,-136.0000074E-3,
,,,469.000020530E-6,0.0,,,,,469.000020530E-6,-152.00001001E-3,
,,,469.199992949E-6,-200.00000298E-3,,,,,469.199992949E-6,-144.0000087E-3,
,,,469.399994472E-6,-200.00000298E-3,,,,,469.399994472E-6,-128.0000061E-3,
,,,469.599995995E-6,200.00000298E-3,,,,,469.599995995E-6,-128.0000061E-3,
,,,469.799997518E-6,400.00000596E-3,,,,,469.799997518E-6,-120.0000048E-3,
